# 0-0
1 0 1 0 1 0 1 1 0 0 1 1 1 1 0 0 1 0 0 1 0 1 0 0 1 1 1 1 1
1 1 1 1 0 0 0 0 1 1 0 0 1 0 0 0 1 1 0 1 1 0 0 0 0 0 0 1 0
0 1 0 0 0 0 0 0 0 1 1 1 0 0 0 0 0 1 0 0 0 0 1 1 1 1 0 1 1
0 1 0 1 0 0 0 0 1 1 1 1 0 1 0 0 0 1 1 0 0 0 1 1 1 1 0 1 0
1 1 0 0 1 1 1 0 1 0 1 1 1 1 1 0 0 1 0 1 1 0 0 0 0 1 0 0 0
1 0 0 1 1 0 1 1 1 1 0 0 1 1 1 1 0 0 1 1 1 0 1 0 1 0 0 0 0
0 0 1 1 1 1 1 0 0 1 1 0 1 0 0 1 1 0 0 1 0 1 1 0 0 0 0 1 0
1 0 1 0 0 1 0 0 0 1 0 0 0 1 0 0 1 1 0 1 1 1 0 0 1 1 1 1 0
0 0 1 0 1 0 0 1 0 0 0 0 1 0 0 1 1 1 1 0 0 0 0 0 0 1 1 0 0
1 1 1 0 1 0 1 1 0 0 0 1 0 1 1 1 0 1 0 0 1 0 0 1 0 0 1 0 0
# 0-1
0 1 1 1 1 0 0 1 1 0 0 1 1 0 0 1 1 1 0 1 0 1 1 1 1 1 1 0 0
1 1 1 0 0 0 1 0 0 1 1 0 1 1 1 1 1 0 1 1 0 0 0 1 1 1 1 1 0
0 0 1 0 0 1 0 0 0 1 0 0 0 1 0 0 0 1 1 1 0 0 1 1 0 1 1 0 1
1 0 1 1 0 1 1 1 0 1 0 1 0 0 1 0 0 0 1 0 0 1 1 0 0 1 1 0 0
1 1 0 0 0 0 0 1 0 1 1 0 1 0 0 1 0 1 0 1 0 0 0 1 1 0 1 1 0
0 1 1 0 1 0 1 0 1 0 1 1 0 1 1 1 0 1 0 0 0 1 0 0 0 1 1 1 1
0 0 1 1 0 0 1 0 1 0 0 1 0 1 0 1 0 0 1 1 0 1 0 1 0 0 0 1 1
0 1 0 0 1 1 1 1 1 1 0 0 1 0 1 0 0 1 0 0 1 1 0 0 0 0 1 0 0
0 0 0 0 0 0 0 0 0 0 0 0 1 1 1 1 1 1 1 1 0 0 1 0 0 0 0 0 0
0 0 0 1 1 1 1 0 0 0 1 1 1 1 1 0 0 0 1 0 1 0 1 1 1 0 1 0 0
# 0-2
0 0 1 0 0 1 0 0 1 1 0 0 0 0 1 0 0 0 0 0 1 0 1 0 1 0 0 1 0
1 0 0 1 1 1 0 1 0 1 1 0 0 0 1 0 1 1 1 1 0 0 1 1 0 0 0 1 0
1 0 1 1 0 1 0 1 0 0 1 1 0 1 1 0 1 0 0 0 0 0 0 0 1 0 0 0 1
0 0 0 0 1 0 0 0 1 1 1 0 0 0 1 1 1 1 0 0 1 0 0 0 0 1 1 1 1
1 0 0 1 0 1 0 0 1 1 0 1 0 1 0 0 1 1 0 1 0 0 0 0 1 0 0 1 0
0 1 1 1 0 1 1 1 1 0 1 1 1 0 1 0 1 0 1 0 1 0 0 0 0 0 1 0 1
0 0 0 1 0 0 0 0 1 1 0 1 0 1 0 0 1 0 1 0 1 0 1 0 0 1 1 0 1
0 1 0 1 0 1 1 0 0 1 1 1 0 0 1 0 0 1 0 0 1 1 1 1 1 0 0 0 1
0 0 0 1 0 1 1 0 1 0 0 0 1 0 1 1 1 0 0 1 0 1 0 1 1 0 0 1 0
0 0 1 0 0 0 0 1 0 0 1 0 0 0 1 1 0 0 1 1 1 0 0 0 0 1 1 1 1
# 0-3
1 0 0 0 1 0 0 1 0 1 0 0 1 1 1 0 0 0 1 0 0 0 1 1 1 0 1 0 1
1 0 0 1 0 1 1 1 1 0 0 0 0 1 1 0 0 0 1 1 0 0 0 1 1 0 1 1 1
1 0 0 1 0 0 0 1 0 0 1 1 0 0 0 1 1 1 1 1 0 1 1 0 1 1 1 1 0
0 1 0 1 0 1 0 1 1 1 0 1 0 1 1 0 0 1 1 0 0 1 0 0 0 0 1 0 0
1 0 0 1 1 0 0 1 1 1 1 1 1 0 1 0 1 1 0 1 1 1 0 1 1 1 0 1 0
0 0 1 1 1 1 0 0 0 0 0 0 0 0 0 1 1 1 1 0 0 0 1 0 1 1 0 0 0
0 1 1 1 0 1 1 0 0 1 1 0 0 1 1 1 1 0 0 0 1 0 0 1 1 1 1 0 0
0 0 1 1 0 1 0 1 1 1 0 0 0 0 0 0 0 0 0 0 1 0 0 1 0 0 1 1 0
1 0 0 1 1 0 1 0 0 0 0 1 1 0 0 1 0 1 1 1 0 1 1 1 1 1 0 0 1
0 1 1 0 0 0 1 0 1 0 0 0 0 1 0 1 1 1 1 1 0 1 1 0 1 1 1 0 1
# 0-4
0 1 1 1 0 0 1 1 1 0 1 1 0 1 0 1 0 1 1 0 1 1 1 1 1 0 1 1 1
1 1 1 0 0 1 1 1 1 0 1 0 1 0 1 0 0 0 1 0 0 1 1 1 0 0 0 0 1
0 1 0 1 0 1 0 0 1 0 1 1 0 0 0 1 1 0 1 1 0 1 1 1 1 1 1 1 0
0 0 1 0 1 0 0 0 0 1 0 0 0 1 0 0 1 1 1 1 0 0 1 1 1 0 0 0 0
1 0 1 1 0 1 1 0 1 1 1 1 0 1 0 1 0 0 0 1 1 1 0 0 1 0 0 1 0
1 1 0 0 1 0 0 1 0 0 0 1 0 1 0 0 0 0 1 1 1 0 0 1 1 1 0 0 0
1 0 0 0 0 0 1 1 1 0 1 1 0 0 1 1 0 0 0 0 0 0 1 1 1 0 1 1 1
0 0 1 1 1 0 0 0 0 0 0 1 1 0 0 1 0 1 1 1 1 1 1 1 0 1 1 0 1
1 0 0 1 1 0 0 0 1 0 0 1 0 1 1 1 0 0 0 0 1 0 1 0 0 0 1 1 1
1 1 0 1 1 0 1 1 1 1 1 1 1 1 1 1 0 1 1 0 0 0 1 0 0 1 0 0 0
# 0-5
1 0 0 1 1 0 1 0 1 0 0 1 0 1 1 0 0 1 1 0 0 1 0 0 1 1 1 1 1
0 0 0 1 0 1 1 0 0 1 0 0 1 1 0 1 1 1 0 1 0 1 1 1 1 1 1 1 0
0 1 0 0 0 1 1 1 0 1 1 1 1 0 0 1 1 0 1 0 0 1 0 0 0 1 0 1 1
0 1 1 0 0 0 1 0 1 1 1 1 0 0 1 1 1 0 0 0 1 0 0 0 0 1 0 0 1
1 0 1 1 0 1 0 0 0 1 0 1 1 0 0 1 0 1 0 0 1 1 0 0 0 0 0 1 0
1 1 1 1 0 1 0 0 1 1 1 0 1 1 0 0 0 0 1 0 1 0 0 1 1 0 0 1 0
1 1 0 1 0 1 1 0 1 1 1 1 1 1 0 1 1 0 0 1 0 1 0 0 1 1 0 0 1
1 1 0 0 1 0 0 0 0 0 0 0 0 0 1 1 1 0 0 0 0 0 1 0 0 1 1 1 0
0 0 1 0 1 0 1 1 0 0 0 1 0 0 0 0 1 1 0 1 0 0 1 1 0 0 1 1 1
1 1 1 1 0 1 1 1 0 0 0 0 1 0 1 0 1 0 0 1 0 0 1 1 0 1 0 1 0
# 0-6
1 0 1 0 1 1 1 0 0 0 1 0 1 0 1 0 0 1 0 1 1 1 0 0 1 1 1 1 0
0 1 0 0 0 1 0 0 1 0 1 0 0 0 0 1 1 1 1 0 0 1 0 0 0 1 1 0 0
1 1 0 1 1 1 1 0 0 0 0 1 1 0 0 0 1 0 1 1 1 0 1 0 1 0 0 0 1
1 1 1 0 0 0 1 1 0 1 0 1 0 1 1 0 0 0 0 1 1 1 0 0 1 0 1 0 0
1 0 1 1 0 0 0 1 1 1 0 1 0 0 1 0 1 1 1 0 1 1 1 0 1 1 1 0 0
1 1 0 1 1 0 1 1 1 1 1 1 1 1 0 1 0 1 1 0 0 1 1 0 0 0 1 0 1
1 0 0 1 0 1 0 0 1 0 1 0 1 0 0 1 0 0 1 0 0 1 1 0 1 1 1 0 0
1 0 0 1 1 0 0 0 0 1 1 1 1 1 1 1 0 1 0 1 0 1 0 1 1 1 1 0 1
0 1 0 1 0 1 0 1 0 1 0 1 1 0 1 0 1 0 1 0 0 0 1 0 0 0 1 1 1
1 0 0 1 0 0 1 1 1 1 1 1 1 0 0 1 0 1 0 1 0 0 0 0 1 1 1 1 1
# 0-7
1 0 1 0 1 1 0 1 0 0 0 1 0 1 0 0 1 0 1 0 1 1 1 1 1 0 1 0 1
1 1 0 0 1 1 0 1 1 1 0 1 1 1 0 0 1 1 1 0 0 0 1 0 1 1 1 1 0
0 1 0 1 1 0 0 1 0 1 1 0 1 0 1 1 0 0 1 1 1 0 1 0 0 0 1 1 0
1 0 1 1 0 1 0 0 0 0 0 0 1 1 1 0 1 1 0 1 1 1 0 0 1 1 0 1 1
0 1 0 0 0 1 0 1 1 0 0 1 0 1 0 1 1 0 1 1 1 0 1 1 0 1 0 1 0
1 0 0 1 0 0 1 1 0 0 0 1 0 1 0 1 0 1 0 0 1 0 0 1 1 1 0 0 1
1 0 0 0 0 0 1 1 1 0 0 1 1 1 1 0 0 1 1 1 1 1 1 0 1 0 0 0 0
1 0 1 0 0 0 1 1 1 0 1 0 1 1 1 0 1 1 0 1 0 0 1 0 0 1 0 1 1
1 0 1 0 1 0 0 1 1 1 1 1 1 0 1 1 1 0 0 1 1 0 1 0 1 0 1 1 0
0 1 0 0 0 0 1 0 1 1 1 1 0 0 1 0 1 0 1 1 1 0 1 1 0 1 0 0 1
# 0-8
0 0 1 1 1 1 0 0 1 1 1 0 0 1 1 0 1 1 0 0 0 0 1 0 1 1 0 1 1
0 1 1 0 1 0 1 1 0 0 1 0 0 0 1 1 0 1 0 0 1 0 0 0 0 1 0 0 1
1 1 1 0 0 0 1 1 0 1 1 0 0 1 1 0 1 0 1 0 0 1 1 0 1 0 0 0 1
0 1 0 1 1 0 1 0 1 0 0 1 0 0 0 0 1 0 0 0 1 1 1 0 0 1 1 1 0
1 1 0 1 0 1 1 1 1 1 1 1 1 0 1 0 1 0 0 1 0 0 1 1 1 1 0 1 0
0 1 1 1 1 0 1 0 1 1 1 0 0 0 0 0 1 1 0 0 0 1 1 0 1 0 1 0 1
1 1 0 1 0 0 0 1 1 1 1 0 1 0 1 1 1 1 1 0 1 1 0 1 0 0 1 0 1
0 0 1 0 1 1 0 0 1 1 1 0 1 1 0 0 1 1 1 0 0 1 0 0 0 0 1 1 0
1 0 1 1 1 1 1 1 1 1 1 0 1 1 0 1 0 0 0 0 1 0 1 1 0 0 0 0 0
1 1 0 0 0 1 1 0 0 1 0 0 0 1 1 1 1 1 0 1 0 1 0 1 0 0 1 0 1
# 0-9
1 0 0 0 1 0 1 0 1 0 0 0 1 0 1 0 1 0 0 1 0 1 1 0 0 1 0 0 1
0 1 0 0 1 1 0 0 1 1 1 1 1 0 1 1 1 1 1 1 1 1 1 0 1 0 0 1 1
1 1 1 1 1 1 1 1 1 1 0 1 0 0 0 0 1 1 0 0 0 0 1 1 0 1 1 0 0
0 1 1 1 1 1 0 0 1 0 1 1 0 1 1 1 1 1 1 1 1 1 1 1 1 0 1 1 1
1 0 0 1 0 1 0 0 0 0 1 0 0 1 0 0 1 1 1 1 1 0 1 0 1 0 1 1 0
1 0 1 0 0 0 1 0 1 0 0 1 0 0 1 0 1 1 0 1 1 0 0 0 1 0 0 1 1
1 0 1 1 0 1 1 1 0 1 1 0 0 1 1 0 0 1 0 1 1 1 0 0 1 0 0 0 1
1 0 1 1 0 0 0 1 0 1 1 0 0 0 0 1 0 1 1 0 1 1 1 0 1 1 0 1 1
1 0 1 1 1 0 0 1 1 1 1 1 0 0 0 0 1 0 1 0 1 0 0 0 1 1 0 0 0
1 0 0 0 0 0 1 1 0 0 1 0 1 0 1 1 0 0 1 0 1 0 1 0 0 1 1 1 1
# 0-10
0 1 0 0 0 1 1 1 1 0 0 0 1 1 0 0 0 1 0 0 0 1 0 0 1 0 1 0 1
0 0 1 1 1 0 0 0 0 0 1 1 0 1 1 0 1 1 0 0 1 0 0 0 1 1 1 1 1
1 0 1 0 0 0 1 0 0 0 0 0 0 1 1 0 1 0 0 1 0 0 0 1 0 0 1 1 0
1 1 1 1 0 1 0 0 0 0 1 0 0 0 1 0 0 1 1 1 0 1 0 0 1 1 1 0 0
1 1 1 1 0 1 0 1 0 0 0 1 0 0 0 0 1 1 0 0 0 0 1 1 0 0 0 1 0
0 1 1 0 1 1 1 1 0 1 0 0 0 0 1 1 1 1 1 1 0 1 1 0 1 1 0 0 0
1 1 1 0 0 0 1 0 1 1 1 0 1 0 0 0 0 1 1 0 1 0 1 1 0 1 0 0 1
0 0 0 1 1 0 1 0 1 1 0 1 0 0 1 0 0 1 1 0 0 0 0 1 0 0 0 0 1
1 0 0 1 0 0 1 1 1 0 0 1 0 1 0 0 0 1 0 1 0 0 0 1 1 0 1 1 1
0 0 0 0 0 0 0 0 1 1 0 1 0 1 0 0 0 0 1 0 0 0 1 1 1 1 1 1 0
# 0-11
1 1 1 1 0 0 0 1 0 1 0 0 1 0 1 1 0 1 1 0 1 0 1 1 0 0 1 0 0
0 0 0 1 0 1 0 0 0 1 1 0 1 0 1 1 1 1 0 1 0 1 0 0 0 0 0 0 1
0 1 1 1 1 0 1 1 0 1 1 1 1 1 0 1 0 0 1 1 1 0 0 1 0 0 1 0 1
1 1 0 0 1 0 1 0 1 1 0 0 1 0 1 0 0 0 0 1 0 0 1 0 1 1 1 0 0
0 1 1 0 0 1 1 0 1 0 0 0 0 0 1 1 0 1 1 1 1 0 0 1 0 0 1 1 1
0 1 1 0 0 0 1 0 1 1 0 0 1 1 0 1 0 0 0 1 0 0 1 1 1 0 1 0 0
1 1 1 0 0 0 1 0 1 1 0 0 0 0 1 0 1 0 1 0 0 1 1 0 0 0 1 1 0
0 1 1 1 1 1 0 1 1 1 1 1 1 1 0 0 1 1 1 0 0 1 0 1 1 1 0 1 1
0 0 0 0 0 0 1 1 0 0 1 1 0 1 0 1 0 0 0 0 0 0 0 0 0 0 0 0 0
0 1 1 0 0 0 0 0 0 0 0 0 0 0 0 0 0 0 0 1 1 1 1 0 1 1 1 1 1
# 0-12
1 0 1 0 0 1 0 0 0 0 1 0 0 1 0 1 1 1 1 0 1 0 0 1 1 0 1 0 1
1 0 1 1 0 1 0 1 1 1 0 1 1 1 1 0 0 0 1 1 0 1 1 1 0 0 0 0 1
0 0 1 0 0 1 1 1 1 0 0 0 0 0 1 0 1 1 0 1 0 1 0 0 0 0 1 1 0
1 0 0 0 0 0 1 1 1 0 0 0 1 1 1 1 1 1 0 1 0 1 0 1 0 1 1 1 1
0 1 0 0 1 1 0 1 0 0 1 1 1 1 1 1 0 1 1 1 1 0 1 1 1 1 1 0 0
1 1 0 1 1 0 0 0 1 1 1 0 1 0 0 1 1 0 1 1 1 0 0 0 1 1 0 0 1
0 0 0 1 1 0 1 1 1 1 1 0 1 0 1 0 0 1 1 1 0 1 0 1 0 0 1 0 0
1 0 0 0 1 1 0 1 1 0 1 1 0 1 0 0 0 0 1 1 0 0 0 0 1 1 1 0 0
1 0 0 0 0 1 0 0 1 0 1 0 1 1 0 0 0 0 1 1 0 1 1 0 1 1 0 0 0
1 1 1 0 0 0 1 1 1 0 0 1 1 1 1 0 0 1 0 0 1 1 1 0 0 0 1 0 0
# 0-13
0 0 0 0 0 1 0 0 0 1 0 0 0 1 0 1 0 1 0 0 0 1 1 1 0 0 1 1 1
1 1 1 1 0 1 0 0 0 1 0 1 0 1 0 1 1 1 0 1 1 1 0 1 0 1 0 1 0
0 0 1 0 1 0 1 0 1 0 1 0 1 0 0 1 1 1 1 0 0 0 0 1 1 1 1 0 1
1 1 0 0 0 1 0 1 1 1 0 0 0 0 0 0 0 0 1 1 1 0 1 0 0 1 0 0 1
1 0 1 0 1 0 0 1 1 0 0 0 0 0 0 1 0 0 0 0 0 0 0 0 1 1 0 1 1
0 1 1 1 0 0 0 1 1 0 0 0 1 1 1 0 1 1 1 1 1 1 0 0 0 0 1 1 0
0 0 1 1 0 1 1 1 0 0 0 1 1 0 1 0 0 1 0 1 1 1 1 0 0 0 1 1 1
0 0 0 0 0 1 1 1 1 1 1 1 1 0 1 1 0 0 1 1 1 1 0 0 0 1 1 1 0
0 1 0 0 1 0 1 1 0 0 0 1 1 0 1 0 1 1 1 0 0 1 0 0 0 0 1 0 1
0 1 1 1 1 0 1 1 0 0 0 0 0 1 1 0 1 1 1 0 1 1 1 0 1 1 0 1 0
# 0-14
1 0 1 1 1 1 1 1 0 1 1 1 1 0 0 1 0 1 1 1 1 1 1 1 1 0 1 0 0
0 1 1 0 1 0 1 1 0 0 0 0 0 0 1 1 0 1 1 0 1 1 0 0 0 1 1 0 0
0 1 1 0 0 0 1 1 0 0 1 0 1 1 1 1 1 1 0 1 0 1 0 0 0 0 0 1 1
1 1 1 0 0 0 1 0 1 1 1 1 0 0 0 0 0 1 0 1 0 0 1 1 0 0 0 1 0
0 1 0 1 0 0 0 0 0 0 0 1 0 0 0 0 0 1 1 1 1 1 1 0 1 0 0 0 1
0 0 1 0 0 0 1 0 0 1 0 0 0 0 1 1 0 0 0 1 0 0 1 0 1 0 1 1 0
0 1 0 0 1 1 1 0 1 1 1 0 1 0 1 1 0 1 0 0 1 0 1 1 1 1 0 1 0
1 1 0 0 1 0 1 0 1 1 0 0 0 0 0 1 1 0 1 1 1 1 0 0 1 0 0 1 1
0 0 1 0 0 0 1 1 0 1 0 1 1 0 0 1 0 1 0 0 0 1 1 0 1 0 0 1 1
1 0 1 1 0 0 1 0 0 0 1 0 0 1 0 1 1 0 0 0 0 1 0 1 0 1 1 1 0
# 0-15
0 1 0 0 0 1 1 1 1 0 1 0 0 0 0 1 1 0 0 1 1 1 0 0 1 1 0 0 1
1 0 0 0 0 0 0 0 1 1 1 0 1 1 1 1 0 1 1 0 1 1 1 0 0 0 0 0 1
1 1 1 0 1 0 1 0 0 0 0 1 0 1 1 1 1 1 0 1 1 0 1 0 1 0 1 1 0
1 1 1 0 1 1 0 1 0 1 0 0 1 0 1 1 0 1 0 1 0 1 1 1 0 0 0 0 0
1 1 0 1 0 0 0 1 0 1 1 1 1 0 0 0 1 1 0 0 1 0 1 1 1 0 1 1 0
0 0 0 0 1 0 0 0 1 1 0 0 0 0 1 0 0 0 0 1 1 0 1 0 0 1 1 1 1
0 0 0 1 1 1 1 1 0 1 1 0 0 1 1 1 1 1 1 1 0 0 1 1 0 1 0 0 0
0 1 1 0 0 0 1 0 1 0 0 0 1 1 1 1 1 1 1 0 0 0 0 0 0 1 0 0 0
0 0 0 1 1 1 0 1 1 1 1 1 1 1 1 1 0 1 1 1 1 0 0 0 0 0 0 0 0
0 0 0 1 0 0 1 1 0 1 1 0 0 0 0 0 0 1 0 1 1 1 1 1 1 0 0 0 0
# 0-16
1 0 0 1 0 1 1 1 1 1 0 0 0 0 0 1 1 1 1 1 1 0 1 0 1 0 1 0 1
1 1 1 1 0 0 0 1 1 0 0 0 1 1 0 1 1 0 1 1 0 1 0 0 0 0 1 0 1
1 1 1 1 1 0 1 1 0 0 0 0 0 1 0 0 0 1 0 0 0 1 0 1 1 1 1 1 1
0 0 1 0 1 0 1 1 1 1 1 1 0 0 0 1 1 0 1 1 0 1 1 0 0 0 1 1 1
1 0 1 1 0 1 1 0 0 0 0 1 0 0 1 0 0 1 0 0 0 1 1 1 1 1 0 0 0
0 0 0 1 1 1 0 1 0 0 1 1 1 0 0 0 0 1 0 0 0 0 0 0 1 1 1 0 0
1 0 1 0 0 0 0 0 1 0 1 0 1 1 1 0 1 0 1 1 1 1 0 0 1 1 1 0 0
0 1 1 0 0 0 1 1 1 0 1 1 0 1 0 1 1 1 0 1 0 1 0 1 0 0 1 0 1
0 0 1 0 1 0 0 0 1 0 0 1 1 0 1 1 1 1 1 1 1 0 1 0 0 0 0 0 0
0 1 1 1 1 1 1 1 0 0 1 1 0 1 0 0 1 0 0 0 1 0 1 1 0 0 0 1 0
# 0-17
1 0 1 0 1 0 0 1 1 0 1 0 0 0 1 1 1 0 0 1 0 1 1 0 1 0 1 1 1
1 0 0 1 1 0 0 0 1 1 0 1 0 0 1 1 0 1 0 0 1 0 1 1 1 1 1 1 0
0 1 1 0 0 0 0 1 0 0 1 0 1 1 1 0 0 0 0 1 0 1 1 0 0 0 0 1 1
1 1 1 1 1 0 0 0 1 1 1 0 1 1 0 0 1 1 0 0 0 0 1 1 0 1 0 0 0
0 1 0 1 1 1 1 1 1 0 0 1 0 0 1 0 0 0 0 0 0 0 0 0 0 1 0 1 1
0 0 1 0 0 0 0 1 0 1 0 1 0 0 1 1 0 1 0 0 0 1 0 0 0 0 1 0 0
1 0 0 1 1 0 1 0 0 1 1 1 0 0 1 0 0 0 1 1 0 0 0 1 0 0 1 0 0
0 1 0 0 1 0 0 0 1 1 1 0 1 0 0 0 1 1 1 0 1 1 1 0 0 0 1 1 0
0 1 1 1 0 1 1 0 0 0 0 0 0 0 0 1 1 0 1 0 0 1 0 0 1 0 0 1 0
0 0 0 1 1 1 0 1 0 1 0 0 1 1 0 1 0 0 1 0 0 1 0 0 1 0 1 0 0
# 0-18
0 0 0 0 1 1 0 0 0 1 1 1 0 1 1 0 1 0 0 1 0 1 0 0 0 1 0 0 0
0 0 0 1 0 0 1 0 1 1 0 1 0 1 1 0 0 0 1 0 0 1 1 1 1 1 0 1 0
0 0 1 1 0 1 0 1 0 1 1 1 0 1 1 0 1 0 0 1 1 0 1 1 1 0 1 1 1
1 1 0 1 1 1 1 1 1 1 1 0 1 1 1 0 1 1 1 1 0 1 0 0 0 1 1 0 0
1 0 0 1 1 0 0 0 0 0 0 1 0 1 0 1 0 1 0 1 0 1 0 1 0 1 1 0 0
0 1 0 1 0 0 1 0 1 0 1 1 1 1 0 0 1 1 1 1 1 1 0 0 0 0 0 1 1
0 0 1 0 0 1 1 1 1 1 1 1 1 1 0 0 1 1 0 1 1 1 0 1 0 1 0 1 0
1 0 1 1 1 0 0 1 0 1 1 1 0 0 1 1 1 0 0 1 0 1 1 1 1 0 1 1 1
1 1 0 0 1 0 1 1 0 1 1 0 1 0 1 1 1 0 1 1 1 0 0 0 0 0 0 1 0
0 0 0 0 0 0 0 0 0 1 1 1 1 0 1 0 1 0 0 0 1 0 1 1 1 0 0 0 0
# 0-19
0 0 0 0 1 1 0 0 0 1 1 1 0 1 0 0 1 1 0 0 0 0 1 1 1 0 0 1 0
1 0 1 0 0 0 0 1 1 0 0 0 1 0 1 1 0 1 1 1 1 0 0 0 0 1 1 1 1
0 0 1 1 1 0 1 1 0 0 1 0 1 1 0 1 0 1 1 1 0 0 0 0 1 0 0 1 0
1 1 0 0 1 1 0 0 1 1 1 1 0 1 1 1 0 1 1 1 1 0 0 1 0 1 0 0 1
0 1 1 1 0 1 0 1 1 1 1 1 1 1 0 1 0 0 1 1 0 0 1 1 0 0 0 0 0
0 1 0 1 0 0 0 0 1 0 1 0 0 1 0 1 0 0 0 0 1 1 1 1 0 1 0 0 0
1 0 1 0 0 1 0 0 1 1 1 1 1 0 0 0 0 1 1 0 0 1 1 1 0 0 1 1 1
1 1 0 1 1 0 0 1 0 0 1 1 0 0 1 0 1 1 0 1 0 0 1 1 1 1 0 0 1
0 0 1 0 1 0 0 1 0 1 0 1 1 1 0 0 0 1 0 1 0 0 0 1 0 1 0 0 1
1 1 1 1 0 1 1 0 0 0 1 0 1 0 0 0 0 0 0 1 1 0 0 0 0 0 1 0 1
# 0-20
0 0 1 0 0 0 0 1 1 1 0 0 1 0 1 0 0 0 1 1 0 1 0 1 1 1 1 0 0
0 1 0 1 1 1 1 0 0 0 1 1 1 1 0 0 1 0 1 1 0 0 0 0 0 1 1 1 1
0 1 1 0 0 1 1 0 1 1 0 0 1 0 1 0 0 1 0 1 0 0 1 0 0 0 1 1 0
1 1 0 0 1 1 0 0 0 1 1 0 1 0 1 0 0 1 1 1 1 0 0 0 1 0 0 0 0
0 0 1 1 0 1 1 1 1 1 1 0 0 1 0 0 0 1 1 1 0 0 1 1 0 0 1 1 1
0 1 0 1 1 0 1 1 0 0 0 1 1 1 1 1 0 0 0 1 1 1 1 0 0 1 1 1 1
0 0 1 0 0 0 0 1 0 0 1 0 0 1 1 1 0 1 0 0 0 1 1 0 1 0 1 0 0
0 1 0 0 0 1 1 0 1 0 1 0 0 1 0 1 0 1 1 1 1 0 1 1 1 0 0 1 1
0 1 0 0 1 0 1 1 1 0 1 0 1 0 0 0 0 1 1 1 1 1 0 0 0 1 0 1 1
0 1 0 1 1 0 0 0 0 0 1 1 0 1 1 0 0 1 1 1 0 0 0 0 0 1 0 0 1
# 0-21
1 1 1 1 0 0 1 0 1 1 0 0 1 1 1 1 0 1 1 0 1 0 0 1 0 0 1 1 0
0 0 0 0 1 0 1 0 0 0 0 1 1 0 0 1 1 0 1 1 1 1 0 0 0 1 0 0 1
0 1 0 1 0 0 0 0 1 1 1 0 0 1 1 0 0 1 0 0 1 0 1 0 1 1 1 0 1
0 0 0 0 1 1 1 1 1 0 1 0 1 1 1 1 0 0 1 0 0 1 1 0 0 1 1 1 1
0 1 1 0 1 1 0 0 1 1 0 0 0 0 1 1 0 0 0 0 1 1 1 0 0 1 0 0 0
1 0 1 1 0 1 0 1 1 1 0 0 1 1 0 0 1 0 1 0 1 0 0 1 0 0 1 1 0
1 1 0 1 0 0 1 1 1 0 1 0 1 0 1 1 1 1 1 1 0 0 1 1 0 0 0 0 0
1 0 1 0 1 1 1 1 1 0 1 1 1 0 0 1 1 0 1 1 1 0 0 0 1 0 0 1 1
1 1 1 0 1 0 0 1 1 0 1 0 0 0 0 1 1 1 1 0 0 1 0 1 1 1 0 1 0
1 1 1 1 0 0 1 0 1 1 1 1 0 0 0 0 0 1 0 0 0 1 0 1 1 0 0 1 0
# 0-22
0 0 0 0 0 0 0 0 1 0 1 1 1 0 0 0 1 1 0 0 1 0 0 1 0 0 1 0 1
1 1 1 1 1 0 0 1 0 0 0 1 1 0 0 1 1 1 1 1 0 0 1 1 0 1 0 0 0
0 1 0 1 1 0 1 0 0 0 0 0 0 1 1 1 0 1 0 1 0 0 1 1 0 1 0 1 0
1 1 0 0 1 1 0 1 0 1 0 1 0 0 1 0 1 0 1 0 1 0 1 1 1 0 1 1 1
1 0 1 0 1 0 1 0 1 0 1 1 0 0 1 1 1 0 0 1 0 1 0 0 1 1 0 0 1
0 0 0 1 0 1 0 1 1 1 0 0 0 1 1 1 1 1 1 0 0 1 1 1 1 0 0 0 0
1 0 1 0 0 1 1 0 1 1 1 1 0 1 0 1 1 1 0 1 0 0 0 0 1 0 1 1 1
0 1 0 0 1 0 1 1 1 1 1 1 1 0 0 1 0 0 1 0 1 0 1 0 1 1 0 0 0
0 1 0 0 1 0 1 1 0 1 1 1 1 1 1 0 1 0 0 0 1 1 1 0 0 1 0 0 0
1 1 1 0 1 0 1 1 1 1 0 0 1 1 1 0 0 1 0 0 1 0 0 0 0 0 1 1 0
# 0-23
1 0 1 1 0 1 0 1 1 0 0 0 1 0 0 0 0 0 0 1 1 1 0 1 1 0 0 1 0
1 1 0 1 1 1 0 1 0 1 1 1 1 1 1 0 0 0 1 0 1 1 1 1 1 1 1 0 0
0 0 1 0 1 0 1 1 0 0 1 1 1 0 1 1 0 0 1 1 1 0 0 0 1 1 1 1 1
1 1 1 0 0 0 1 1 0 1 0 0 1 0 0 0 1 0 0 0 0 0 0 0 0 0 1 1 0
0 0 0 1 0 0 0 1 0 1 1 1 0 0 0 0 1 0 0 1 1 1 0 0 0 1 1 0 1
0 1 1 1 0 0 0 0 1 0 0 0 0 0 0 0 0 0 1 1 0 0 1 1 1 1 0 1 0
1 0 1 0 1 1 0 1 0 0 0 0 1 1 0 0 1 1 1 0 0 1 0 0 1 1 0 1 1
0 0 1 1 0 1 0 0 1 0 1 1 1 0 1 0 0 0 1 0 1 0 0 1 1 0 0 0 0
1 1 0 1 1 1 1 0 1 1 1 0 0 0 0 1 1 1 1 0 1 0 0 1 1 1 1 0 1
1 0 0 0 1 0 1 1 0 1 0 1 0 1 1 1 0 0 1 1 0 1 1 1 0 1 1 1 0
# 0-24
1 1 0 0 1 1 1 1 1 0 1 1 1 0 1 0 1 0 1 0 1 0 0 1 1 1 0 0 0
0 0 0 0 1 1 1 0 1 0 0 0 1 1 0 0 1 1 0 0 1 1 1 0 1 1 0 0 1
1 0 1 0 1 0 1 0 0 0 1 1 0 1 0 1 1 0 0 1 1 0 0 0 1 0 1 1 0
1 0 1 1 0 1 1 0 0 1 1 0 0 0 0 0 1 0 0 1 0 1 0 0 0 1 1 1 1
1 0 0 1 0 0 0 0 1 0 1 0 0 0 1 0 0 0 1 0 1 0 0 0 1 1 1 1 1
1 1 1 0 0 0 0 0 0 1 0 0 1 1 1 1 1 1 1 1 0 1 0 0 0 1 1 0 1
0 1 1 0 1 0 1 1 1 0 0 1 0 1 0 0 1 0 1 1 0 1 1 0 1 1 1 1 1
1 1 0 0 1 0 0 1 0 1 1 0 0 1 0 1 0 0 0 1 0 1 1 0 1 1 1 1 1
1 0 1 0 1 0 1 0 0 1 1 1 0 1 0 1 1 1 0 1 1 1 0 1 0 1 1 1 1
1 0 1 0 0 1 0 1 1 0 0 0 0 1 0 0 1 0 0 0 0 1 1 0 0 0 1 1 0
# 0-25
0 1 1 1 1 0 1 0 1 0 1 0 1 0 1 1 1 0 1 0 1 1 0 1 1 0 0 0 1
1 1 0 1 1 1 0 1 1 0 0 0 0 1 0 0 1 0 1 0 1 0 0 1 1 1 0 0 1
1 0 0 1 1 1 0 0 0 1 1 1 1 0 0 1 0 0 0 1 1 0 0 1 1 0 1 0 1
1 0 0 0 0 1 0 0 1 0 1 0 0 1 1 0 0 0 1 1 1 1 0 1 0 0 0 1 1
0 0 0 1 0 1 1 1 1 1 0 1 1 0 0 1 0 1 0 1 1 1 0 1 1 1 1 0 1
0 1 1 0 1 0 1 1 0 1 0 0 0 0 1 0 0 0 1 1 1 0 0 0 1 1 0 0 0
1 0 1 0 0 0 0 0 1 0 1 0 1 1 0 1 1 0 1 1 1 1 0 0 0 1 1 0 0
1 0 0 0 1 1 0 1 1 1 0 0 1 0 1 1 0 1 1 1 0 1 1 0 0 1 1 1 0
1 0 1 1 1 0 1 1 0 1 0 0 1 1 0 0 0 0 1 0 1 0 1 1 1 0 0 1 0
0 1 1 0 0 0 0 0 0 1 1 0 0 1 1 1 1 1 0 1 1 1 1 0 1 0 0 1 0
# 0-26
0 0 0 0 1 1 1 0 0 1 0 1 1 1 1 0 1 0 1 1 0 0 0 0 1 1 0 1 0
1 0 0 1 1 1 1 0 0 0 1 0 0 1 0 1 0 1 1 1 1 1 0 0 1 0 1 1 0
0 0 1 1 0 1 1 1 1 1 0 1 0 1 1 0 1 0 1 0 0 0 1 0 1 0 0 1 0
1 0 0 1 1 1 1 0 1 0 0 1 1 0 1 1 1 1 0 0 0 1 0 1 1 0 0 1 0
1 0 1 0 1 1 0 1 1 0 1 0 1 0 1 1 1 1 0 1 1 0 1 1 0 1 1 1 0
1 0 0 1 1 1 1 0 0 1 1 0 0 0 0 1 1 1 1 1 0 0 0 0 1 0 1 1 0
0 0 1 0 0 0 1 1 1 1 0 0 0 1 1 0 1 0 1 0 0 0 1 1 1 0 0 1 1
0 0 0 0 1 0 1 1 1 1 0 0 1 0 0 1 1 0 1 1 0 1 0 0 1 1 1 0 0
1 0 0 0 0 1 1 1 0 1 0 0 0 0 1 1 1 0 1 1 0 1 1 0 1 1 0 0 0
0 0 1 1 1 1 1 1 1 0 0 1 1 0 0 0 1 1 0 0 0 1 0 0 1 0 0 1 0
# 0-27
1 0 0 0 1 1 1 0 0 1 0 0 0 0 1 1 0 0 1 0 0 0 1 1 1 0 0 0 1
0 0 1 1 0 1 1 1 0 0 0 1 0 0 1 0 1 0 1 1 1 1 0 1 0 0 0 0 0
1 0 1 1 0 0 0 1 1 0 0 1 1 0 0 1 0 1 1 1 1 1 1 1 0 1 0 0 0
1 1 0 1 1 1 1 0 1 0 0 1 0 1 0 0 1 1 1 0 0 1 1 0 1 1 0 0 0
0 1 0 0 1 0 1 1 0 0 0 1 0 0 1 0 1 0 0 1 0 1 1 0 1 1 0 0 0
1 1 1 0 1 1 0 0 0 1 0 0 1 0 0 1 1 1 0 0 0 0 1 0 1 0 0 0 1
0 0 0 0 1 1 0 1 1 1 1 0 1 1 0 1 1 1 0 1 0 0 0 1 0 1 0 0 0
1 1 0 1 1 1 1 0 1 1 0 0 1 0 1 0 0 1 1 1 1 1 1 0 0 1 1 1 1
0 1 1 0 1 0 0 0 0 0 1 1 0 0 0 1 1 1 1 0 1 1 1 0 0 1 0 1 0
1 1 1 0 1 1 1 1 1 0 1 1 1 0 1 1 1 0 1 0 0 0 1 0 0 1 1 0 1
# 0-28
1 1 0 1 1 0 1 1 0 0 1 1 1 0 0 0 1 0 0 1 1 1 1 1 1 0 0 1 1
1 0 0 0 0 1 0 0 1 1 1 1 0 1 1 0 0 0 0 0 1 0 0 0 1 1 1 1 0
1 0 1 1 1 1 0 1 0 1 1 0 1 1 0 1 0 1 1 1 1 1 1 1 1 1 0 1 0
1 1 1 0 1 0 1 0 1 0 1 1 0 0 0 0 0 1 0 0 0 0 1 0 1 1 1 0 0
0 1 0 0 1 1 0 1 1 0 1 0 0 1 0 0 1 0 0 1 0 1 0 1 1 0 1 1 1
0 1 0 0 1 0 1 1 0 0 0 1 0 1 0 0 0 1 0 0 0 1 1 1 1 1 0 1 0
1 1 0 1 1 0 0 1 1 0 1 0 0 1 0 1 0 0 0 0 0 0 0 0 1 0 0 0 1
1 0 0 0 1 1 0 1 1 1 1 0 1 1 1 1 0 0 1 1 0 1 1 0 1 1 1 0 1
1 1 0 1 0 1 1 0 0 1 0 0 1 0 1 0 1 1 1 0 1 1 0 0 1 1 0 0 1
0 0 0 1 1 1 1 1 1 1 0 1 1 1 1 1 1 0 0 1 0 0 1 1 0 1 1 1 0
# 0-29
0 0 0 1 0 1 1 1 0 0 1 0 0 0 0 0 1 1 1 1 1 1 0 1 0 1 1 1 1
0 1 1 1 0 1 1 0 1 1 0 1 0 0 1 0 1 0 0 1 0 0 0 0 0 1 0 1 0
0 0 0 1 1 0 0 0 1 0 0 1 0 0 0 0 0 1 0 1 1 0 0 0 1 0 0 0 1
1 0 0 1 0 0 0 1 0 0 1 0 1 0 1 0 0 0 1 1 0 1 1 1 1 1 0 1 1
1 1 0 1 0 0 0 1 1 1 1 0 1 0 1 1 0 0 1 0 1 1 0 0 1 1 1 1 0
1 1 0 1 0 1 0 0 1 0 0 0 0 1 1 1 0 0 0 0 1 0 1 1 1 1 0 0 1
1 1 1 1 0 1 0 0 0 1 0 0 0 0 0 1 0 0 0 1 1 1 0 0 1 1 0 1 1
1 0 0 0 1 0 1 1 1 0 0 1 1 1 1 1 1 0 0 0 1 0 1 0 0 1 1 0 1
0 1 0 1 1 1 1 0 1 1 1 1 0 0 1 1 0 1 1 0 1 1 0 0 0 0 0 0 1
0 1 1 0 1 0 1 0 1 1 0 0 0 1 1 1 1 1 0 1 0 0 0 0 1 0 0 1 1
# 0-30
1 1 0 1 0 0 0 0 1 0 1 1 1 0 1 0 0 0 1 0 1 1 0 1 1 0 1 1 0
1 0 0 1 1 0 0 1 1 1 0 1 0 0 0 1 1 0 1 0 1 1 0 1 0 1 0 1 0
1 1 0 0 0 0 1 0 0 1 0 0 0 1 0 0 0 0 0 1 0 1 1 0 1 1 0 1 1
1 0 1 0 1 0 0 1 1 1 0 1 0 1 0 0 0 1 0 0 0 0 0 1 1 0 1 0 0
0 1 0 0 0 0 0 0 1 0 1 0 0 1 1 0 1 0 1 0 0 0 0 0 1 1 0 0 1
0 0 1 1 0 1 1 0 0 0 1 1 1 0 1 1 0 0 1 1 1 1 1 1 0 0 0 1 1
1 0 0 0 0 1 0 0 1 0 0 0 1 0 1 0 1 0 0 1 1 1 0 1 0 0 0 0 1
0 1 0 1 1 1 1 0 0 0 1 0 1 0 1 0 0 0 1 1 1 1 1 1 0 0 1 1 0
1 0 1 0 0 0 1 1 1 0 0 1 0 0 0 1 1 1 0 0 0 0 1 0 0 1 0 1 0
0 1 0 1 1 0 1 1 0 1 1 1 1 0 1 1 1 1 0 0 1 1 1 1 0 0 0 0 0
# 0-31
0 1 0 1 1 1 0 1 0 1 0 1 0 1 0 0 1 0 0 0 1 0 0 1 0 1 0 0 0
1 0 1 1 1 0 0 0 1 1 1 0 1 0 0 1 0 0 1 0 0 0 0 1 1 0 0 1 1
0 1 0 0 1 0 1 1 0 1 0 0 0 1 1 1 0 1 0 1 0 1 1 0 0 0 1 1 0
1 1 1 1 0 1 0 0 1 0 0 1 1 0 1 0 0 0 1 1 1 1 0 0 1 0 1 0 1
1 1 0 1 1 0 1 0 0 1 1 1 0 0 1 0 1 0 1 1 0 0 0 0 0 1 1 0 1
1 0 1 0 0 0 1 1 0 1 1 0 1 1 0 0 1 1 1 1 1 1 1 1 0 0 1 1 1
1 0 0 1 1 0 0 0 1 1 0 0 0 1 0 0 0 1 1 1 1 1 0 0 1 1 1 1 0
1 0 0 0 1 1 0 0 0 0 1 0 0 1 1 0 0 0 0 0 1 1 1 1 1 1 1 1 1
0 0 0 0 1 1 1 0 0 1 0 0 1 1 1 1 1 1 1 1 0 0 1 0 1 1 0 1 0
1 1 0 1 1 1 1 0 1 0 0 0 0 0 0 1 0 1 1 1 0 0 0 1 0 0 1 0 0
# 0-32
0 1 0 0 1 1 1 0 0 0 0 0 1 0 1 0 1 0 1 1 0 0 0 1 1 1 1 0 0
0 0 1 0 0 0 1 1 1 0 0 0 0 0 1 0 0 0 1 1 0 1 0 0 1 0 0 0 1
1 1 1 1 1 1 1 0 0 1 0 1 0 0 1 1 0 1 1 0 0 1 1 1 0 0 1 0 0
1 0 1 0 0 0 1 0 0 0 1 1 0 1 0 1 0 0 1 0 0 0 1 0 1 0 0 1 0
1 0 1 1 0 1 1 1 0 1 1 0 1 0 1 1 0 0 1 0 0 0 1 1 1 0 0 1 1
0 0 1 0 1 1 1 1 0 1 1 0 1 0 0 0 1 1 0 0 0 1 1 1 1 0 1 0 1
1 1 0 0 1 0 1 0 1 1 0 1 0 0 1 0 0 0 0 1 1 1 0 1 1 1 1 0 1
1 1 1 1 1 1 1 0 1 0 0 1 1 0 1 1 0 1 1 0 0 0 1 1 1 0 0 0 0
1 0 0 0 0 1 0 0 1 1 0 1 1 1 1 1 1 0 1 1 1 1 0 0 1 0 0 1 1
1 1 1 0 1 0 0 0 0 1 1 0 0 0 0 0 0 0 0 0 1 0 1 0 0 0 0 1 1
# 0-33
0 1 1 0 1 1 1 1 0 1 1 1 1 1 1 1 0 0 1 0 1 1 1 1 0 0 1 1 1
0 0 1 1 1 0 0 1 1 0 0 0 1 1 0 1 0 1 0 0 1 1 0 0 1 1 1 0 0
0 1 1 1 1 1 0 0 1 0 0 1 0 0 1 1 0 0 1 0 0 1 1 0 1 1 0 1 1
0 1 0 0 0 0 0 1 1 0 1 1 0 1 1 1 1 0 0 1 1 0 1 1 0 1 1 1 1
0 1 1 1 0 1 1 1 1 0 0 0 0 0 0 0 0 0 0 0 1 1 1 1 0 0 1 1 0
0 1 0 0 1 1 0 1 0 0 0 0 0 1 0 0 0 0 1 1 0 1 0 1 1 1 1 1 0
1 1 1 1 1 0 1 1 1 1 1 0 0 1 1 0 0 1 1 1 0 1 1 1 0 1 0 1 0
1 0 0 0 0 0 1 0 1 1 1 0 1 1 0 1 1 0 0 1 1 0 0 0 0 0 1 0 1
1 1 0 0 1 0 1 1 1 1 0 0 1 1 0 1 1 1 0 0 1 0 1 0 1 1 0 1 0
0 1 0 1 0 0 1 1 0 0 0 0 1 1 0 0 1 1 0 1 0 1 0 0 0 0 0 0 0
# 0-34
0 1 1 1 0 0 1 0 0 1 1 0 0 1 1 0 0 0 0 0 0 0 1 0 1 0 1 1 1
0 0 1 0 0 0 1 0 0 0 1 0 1 1 0 0 1 0 1 1 1 1 1 0 0 0 1 1 0
1 1 0 1 0 0 1 0 1 1 1 1 0 1 0 1 1 1 0 0 0 1 1 0 0 0 1 0 0
0 0 0 1 1 1 0 1 0 0 0 1 0 0 1 0 0 0 0 0 1 0 1 1 1 1 1 0 1
1 1 1 1 0 0 0 1 1 1 1 0 0 1 1 0 0 0 0 0 0 1 0 0 1 0 1 0 0
1 1 0 1 0 0 1 0 0 0 1 1 1 1 0 1 0 0 0 0 1 1 1 0 1 0 0 0 1
0 1 0 0 1 0 1 1 0 0 1 1 1 1 0 0 1 1 1 0 0 1 1 0 1 0 1 0 0
0 0 0 1 0 0 0 1 1 0 1 0 0 1 1 1 0 0 1 0 1 1 1 0 0 0 1 1 0
0 0 1 0 1 1 0 1 0 0 0 0 0 0 1 0 1 1 1 1 1 0 1 1 0 1 1 0 1
1 1 1 1 0 0 0 0 0 1 0 1 0 1 1 0 1 1 1 0 1 1 1 1 0 1 0 1 1
# 0-35
1 0 1 0 1 0 0 0 1 0 1 0 1 0 0 0 1 0 1 1 1 1 1 0 1 1 1 0 1
1 1 0 1 0 1 0 0 0 1 1 0 1 0 1 1 1 0 1 1 1 0 1 0 0 0 1 1 0
0 1 1 1 0 1 0 1 1 1 1 1 0 0 1 1 1 1 0 1 1 1 0 1 1 1 0 0 0
1 0 0 1 0 1 0 0 1 0 1 0 1 1 0 0 1 1 0 1 0 1 0 0 0 1 1 0 0
1 0 0 0 0 1 0 0 1 0 0 1 0 0 0 1 0 0 1 1 1 0 1 1 1 0 1 0 0
1 0 1 1 0 1 1 1 0 0 1 0 0 0 1 0 0 1 1 0 1 1 1 1 1 1 0 1 1
1 1 0 1 1 0 1 1 1 0 1 1 1 0 0 0 0 0 0 1 0 1 0 1 1 0 0 0 1
1 1 1 1 0 0 1 0 1 0 1 0 1 0 1 1 0 1 0 1 0 1 1 0 0 1 1 0 0
0 0 0 1 1 0 0 1 0 0 0 0 0 0 1 0 1 1 0 1 1 0 1 0 0 0 0 1 1
1 0 1 0 0 1 0 0 1 1 0 1 1 0 0 1 0 0 0 0 1 1 0 0 1 0 1 1 0
