# 0-0
0 1 1 1 1 0 1 1 0 0 1 1 0 0 1 1 1 0 0 1 1 0 0 0 0 1 1 0 1
1 0 1 1 0 1 1 1 0 1 1 1 1 0 0 1 0 1 1 0 0 1 1 1 0 1 0 1 1
1 1 1 0 0 1 0 0 1 1 1 1 1 0 1 1 0 0 0 1 1 1 0 0 1 0 0 0 0
1 0 1 0 1 0 0 1 1 0 0 1 0 0 0 0 0 1 0 1 1 0 0 0 0 1 1 1 0
0 1 1 1 0 0 0 0 1 0 1 1 0 0 0 0 0 0 1 1 0 1 1 1 0 0 0 0 1
0 1 0 0 1 1 0 1 0 0 1 1 0 0 1 1 0 1 0 0 0 1 0 0 1 1 1 1 0
0 0 1 1 1 0 0 0 0 0 0 0 1 1 1 1 1 1 0 1 0 1 1 0 0 1 1 0 1
0 1 0 1 0 1 1 0 1 0 0 0 0 0 0 0 0 1 1 1 1 1 0 0 1 1 0 0 1
0 0 0 1 1 1 1 0 1 0 1 1 1 0 1 0 1 1 1 0 0 0 0 1 1 0 1 0 1
0 0 1 0 0 0 1 1 0 1 1 1 0 0 0 1 0 1 1 1 1 0 0 1 0 0 1 0 0
# 0-1
1 1 1 1 0 0 0 0 1 1 0 1 1 1 0 1 0 0 1 1 1 1 0 0 1 1 1 1 1
0 1 1 0 1 0 1 0 1 0 0 0 1 0 1 1 1 0 1 1 0 1 1 1 0 1 1 1 1
0 1 1 1 1 1 1 1 0 1 1 1 1 0 1 1 0 0 0 0 0 1 0 1 0 1 0 1 0
1 0 1 0 0 1 0 1 0 1 0 1 0 1 1 0 1 1 1 1 0 1 0 0 0 0 1 0 0
1 1 1 0 1 1 0 0 1 1 1 1 1 1 0 1 0 1 1 0 0 0 0 0 1 1 1 0 0
1 1 0 0 1 0 1 1 0 0 1 1 1 0 1 0 1 0 1 0 0 1 1 0 1 1 1 1 1
1 0 0 0 1 0 0 0 0 1 1 1 0 0 0 1 1 1 0 0 0 1 1 0 0 1 0 0 0
0 0 1 1 1 1 0 0 1 0 0 1 0 0 0 0 0 1 0 0 1 1 0 0 1 1 0 0 0
1 1 1 0 1 1 0 0 0 1 1 0 1 1 1 1 1 1 1 0 1 0 1 1 0 0 1 0 0
1 1 1 1 1 0 0 1 1 1 1 0 1 1 1 0 0 0 1 0 0 1 1 1 0 1 0 0 1
# 0-2
0 0 1 1 0 1 1 0 1 0 1 0 1 0 1 1 0 0 1 0 1 0 1 0 1 0 1 1 0
0 0 1 1 1 1 1 1 0 1 1 1 1 0 0 1 1 0 1 0 1 0 0 1 0 0 0 1 0
0 1 0 1 0 0 1 1 1 1 1 0 1 1 0 0 1 0 1 0 0 0 1 1 0 0 1 0 1
1 0 0 1 1 0 1 0 0 1 1 0 1 1 0 0 0 0 1 1 0 0 0 1 1 0 1 1 1
1 0 1 0 1 1 1 0 0 1 1 1 0 1 1 0 1 1 1 0 1 0 0 1 1 1 1 0 1
1 1 0 0 0 0 0 0 1 0 1 1 0 0 1 1 1 0 0 0 1 1 0 0 1 1 0 0 1
0 0 0 1 1 1 1 1 1 1 0 0 1 0 0 0 1 1 0 1 1 1 1 0 1 1 0 0 0
0 0 1 1 0 0 1 0 0 0 1 1 0 0 1 0 0 1 1 1 0 1 1 1 1 1 1 1 0
1 0 1 0 0 1 1 0 1 1 0 0 0 0 0 1 1 1 0 0 1 1 1 0 0 0 0 1 1
0 1 0 1 0 0 0 0 0 0 1 1 1 0 0 1 1 1 0 0 1 1 1 0 1 0 0 0 1
# 0-3
0 1 0 1 0 1 1 1 1 1 1 1 1 1 1 0 0 0 1 1 1 1 0 0 0 0 1 1 1
1 0 0 1 0 0 0 1 0 0 1 0 0 0 1 1 0 1 0 1 1 1 0 0 0 1 0 1 1
1 1 1 0 1 1 0 0 1 0 1 0 0 1 0 0 0 1 1 1 1 0 0 1 0 0 0 1 0
0 0 0 1 1 1 1 0 1 1 0 0 1 0 0 1 1 0 1 1 1 0 0 0 0 0 1 1 0
0 1 1 0 0 0 0 0 1 0 1 0 0 0 1 1 1 1 0 0 0 0 0 0 0 0 0 0 0
0 0 1 1 1 1 0 0 1 0 1 1 1 0 1 1 1 1 1 0 0 1 1 1 0 0 1 0 1
0 0 1 1 0 1 0 1 0 1 0 1 0 1 0 0 0 0 0 1 1 1 0 0 0 0 1 1 0
1 0 1 1 0 1 0 0 0 0 1 1 1 0 1 0 0 0 1 1 0 0 0 1 0 1 0 1 1
1 0 1 0 1 0 1 0 1 0 0 1 1 1 0 1 0 1 0 1 1 1 1 0 0 1 0 1 0
1 1 0 1 0 0 1 0 0 1 0 1 0 1 0 1 1 1 1 0 0 1 1 0 1 1 0 1 1
# 0-4
1 0 0 0 0 0 1 1 1 0 0 1 1 0 1 1 0 1 0 1 0 1 0 1 0 1 0 1 0
1 0 1 0 1 0 0 1 1 1 0 1 0 1 1 0 1 1 1 0 1 0 0 1 0 1 1 0 0
1 1 1 1 1 1 1 1 1 0 1 0 0 1 0 1 0 0 1 1 1 0 0 0 1 0 1 0 0
0 1 1 0 1 0 0 1 1 1 1 1 1 0 0 1 0 1 1 1 0 1 1 1 0 0 1 1 1
1 0 0 0 0 1 1 0 0 0 0 1 0 1 0 1 0 1 0 0 0 1 1 1 1 1 1 0 1
0 0 0 0 1 1 0 1 0 1 1 0 0 0 1 1 0 1 0 0 1 0 1 0 0 1 0 1 0
1 0 0 0 1 1 0 1 0 0 0 0 0 0 0 1 1 0 1 1 1 0 1 0 1 1 1 1 0
1 1 1 1 1 1 0 1 0 1 1 1 0 1 1 0 0 0 1 0 0 1 1 1 1 0 1 0 1
1 0 0 1 1 1 0 0 1 0 0 0 1 1 1 0 1 1 0 1 0 0 1 1 1 1 1 0 1
1 0 0 0 1 1 1 0 0 0 1 1 1 1 0 1 0 1 1 1 0 1 1 1 1 1 1 0 1
# 0-5
0 0 1 0 0 0 0 1 1 1 0 1 0 1 1 0 1 1 0 1 1 0 1 0 0 0 1 1 1
1 1 1 0 1 0 0 0 0 1 0 1 1 0 1 1 1 1 1 1 0 1 1 1 1 0 1 0 0
0 1 1 1 1 1 1 0 1 0 0 0 0 1 1 0 0 0 1 0 0 0 0 0 1 1 1 0 0
1 1 1 0 0 0 0 1 0 0 0 1 0 1 1 0 0 1 0 0 1 1 0 1 1 1 1 1 1
1 1 0 0 1 1 0 0 0 0 0 0 0 1 0 0 0 1 1 1 0 1 0 1 0 0 0 0 0
1 0 1 0 0 0 1 0 0 0 0 0 1 1 1 0 0 0 0 0 0 0 1 0 0 1 1 1 0
1 0 1 1 0 0 0 0 0 1 0 0 1 0 0 0 1 1 1 1 1 1 1 1 0 1 0 0 1
1 0 0 1 0 0 1 0 0 1 1 0 1 1 1 1 0 0 1 1 1 0 1 1 1 1 1 1 0
1 0 1 0 1 1 0 1 0 0 1 1 1 1 0 1 1 1 0 1 1 1 0 1 0 0 0 1 0
0 1 0 1 0 1 1 0 1 0 1 1 1 1 0 1 1 0 0 0 1 1 1 1 0 0 0 1 1
# 0-6
0 1 0 0 1 0 0 0 1 1 0 0 1 1 0 1 0 1 0 0 1 0 0 1 0 0 1 0 0
1 0 0 1 0 1 1 0 1 0 1 0 1 1 1 0 0 1 1 0 0 1 1 0 0 0 1 0 1
0 0 1 1 0 1 1 0 0 0 0 1 0 0 1 1 1 1 0 1 1 0 0 1 1 1 0 0 0
0 0 0 1 1 0 1 1 0 0 1 0 0 1 0 0 1 1 1 0 1 0 0 0 0 0 1 1 0
0 1 0 0 1 0 1 0 0 0 0 1 1 0 1 1 1 0 0 0 0 0 0 0 1 0 0 0 1
1 1 1 0 1 1 0 0 1 1 1 0 1 1 1 0 1 1 0 1 1 0 1 0 0 0 0 0 1
0 0 0 1 1 0 1 0 1 0 0 1 0 1 0 1 1 1 1 1 0 0 0 1 0 1 1 1 0
0 1 1 0 0 1 0 0 0 1 1 1 0 1 1 0 1 0 0 0 1 0 1 1 0 1 0 0 1
0 0 0 0 1 0 0 0 1 0 1 0 1 0 0 0 1 0 0 0 0 0 0 0 1 0 1 1 1
1 1 1 0 0 0 1 1 1 0 1 0 1 1 1 1 1 0 0 0 0 1 0 1 0 0 0 0 0
# 0-7
0 1 0 0 0 1 1 1 1 0 1 0 1 0 1 1 0 0 0 1 0 0 1 1 1 1 0 1 1
1 1 0 1 0 1 1 0 0 0 0 1 1 1 1 0 0 0 1 0 0 1 1 0 1 0 1 0 1
0 1 0 0 1 1 0 1 1 1 1 1 0 0 0 1 1 0 1 0 1 0 0 1 1 0 0 1 1
0 0 0 0 1 1 1 1 1 0 1 1 1 0 1 0 0 0 0 0 0 0 1 0 0 1 1 1 1
1 1 1 1 0 0 1 1 1 0 0 1 1 1 1 1 0 0 0 0 1 0 1 1 1 0 0 0 1
0 1 0 0 0 0 0 0 1 1 1 0 1 0 0 1 0 0 0 0 0 0 0 1 1 0 1 1 0
1 1 0 0 0 1 1 0 1 0 1 0 1 1 0 1 0 0 0 1 1 0 0 0 1 1 1 1 1
1 0 1 0 1 0 1 0 0 1 0 0 1 1 1 0 1 1 1 1 0 1 0 0 1 0 0 0 1
1 1 1 0 0 1 1 0 1 1 1 0 1 1 0 1 1 1 1 1 0 1 0 1 1 1 1 0 1
1 0 0 0 0 1 0 0 0 1 1 0 0 1 1 0 1 1 1 1 1 0 1 0 0 1 0 1 0
# 0-8
1 0 1 0 0 1 1 1 1 1 1 0 0 0 0 1 1 1 1 1 1 1 0 1 0 1 1 1 0
0 0 0 0 1 0 1 0 0 1 0 0 0 1 0 1 1 1 1 0 1 1 1 0 0 1 0 1 0
1 1 0 1 0 1 1 0 0 1 0 1 1 1 1 0 0 0 1 1 1 1 0 0 1 0 1 1 1
0 1 1 0 0 1 1 0 0 0 0 0 0 1 0 0 0 1 0 0 0 1 1 1 0 0 1 1 1
0 1 0 1 0 0 1 1 0 1 0 1 1 1 0 0 0 1 1 0 1 1 0 0 0 1 0 0 0
0 1 1 1 1 0 0 1 0 1 1 1 0 1 1 1 0 0 1 0 0 0 1 1 0 0 0 1 0
0 0 1 1 0 1 0 1 1 1 0 0 1 1 1 1 0 1 0 0 0 1 1 0 1 0 0 1 0
0 0 0 1 0 0 1 1 1 1 0 1 1 1 1 0 0 1 1 1 0 0 1 0 0 1 1 0 1
1 0 1 1 1 0 0 1 1 0 0 1 0 0 0 0 0 0 1 0 1 1 0 1 1 1 0 0 0
0 0 1 1 0 0 0 0 0 0 0 1 0 0 1 1 1 0 0 1 1 1 0 0 1 1 1 0 0
# 0-9
1 1 0 1 1 1 1 0 0 1 0 0 1 0 0 1 1 1 0 0 0 1 1 1 1 1 0 1 0
0 0 1 0 0 0 0 0 0 1 1 0 0 0 0 1 1 0 1 0 0 0 1 0 0 0 1 1 1
1 0 0 1 1 0 1 1 1 0 1 0 1 0 1 1 1 1 1 1 0 0 0 0 1 1 1 1 0
0 1 0 0 0 1 1 0 0 1 0 0 0 1 1 0 0 1 0 0 0 1 1 1 1 0 1 1 0
0 0 0 1 0 1 0 0 1 0 0 1 1 1 1 1 0 1 1 0 1 1 0 0 0 0 0 0 1
0 0 1 1 0 0 1 0 0 1 1 0 1 0 0 0 1 0 0 0 1 0 0 1 1 1 0 0 0
0 1 1 0 0 1 1 1 0 1 0 1 1 0 0 0 0 0 0 1 1 0 1 1 1 1 1 0 1
1 1 0 1 1 0 1 1 0 1 1 1 0 1 0 0 0 0 0 0 0 0 1 0 1 0 0 1 0
1 0 1 0 1 1 1 0 0 0 0 1 0 0 1 1 1 0 1 1 0 0 1 0 1 1 0 1 1
0 1 1 0 1 0 0 1 1 0 1 1 1 1 1 0 0 1 1 1 1 1 1 0 0 1 0 0 0
# 0-10
1 1 0 1 0 1 1 0 0 0 0 1 0 1 1 1 0 0 0 0 0 1 1 1 0 0 1 0 0
1 1 0 0 1 0 1 1 1 0 1 0 1 0 1 1 0 0 0 1 0 0 1 0 0 0 1 1 1
0 0 1 0 0 1 1 0 0 1 0 1 0 1 1 1 0 1 0 0 0 1 0 0 1 1 0 1 1
1 0 0 1 1 0 0 0 0 1 1 1 0 1 1 1 1 1 1 1 0 1 0 0 0 0 0 0 1
0 0 1 0 1 0 0 1 1 1 0 0 1 0 1 1 0 1 0 1 1 0 1 0 0 1 0 1 1
0 0 1 1 1 0 0 0 0 0 0 0 1 1 1 1 0 1 0 0 1 0 0 0 0 1 1 0 1
1 0 1 1 1 1 0 1 0 0 0 1 0 0 1 1 0 1 0 1 0 0 0 0 1 1 1 0 0
1 0 0 1 0 1 1 0 0 1 0 0 0 1 1 0 0 0 0 1 1 1 0 1 0 1 1 1 0
0 0 0 1 0 0 0 1 0 0 0 0 0 0 1 0 1 1 0 1 1 1 0 0 0 0 1 0 1
1 0 1 1 0 0 0 0 0 0 1 0 1 0 0 1 0 0 1 0 1 0 0 1 0 1 0 0 0
# 0-11
1 1 0 1 0 0 1 1 0 1 0 1 0 0 0 1 1 1 1 1 0 0 1 0 0 0 0 0 0
1 1 1 0 0 1 1 0 0 1 0 0 0 0 0 1 0 1 1 0 1 1 1 0 0 1 1 1 1
0 0 1 0 0 0 1 0 1 1 1 0 1 1 0 0 1 1 0 0 1 1 1 1 1 0 0 0 1
0 0 1 0 0 0 0 0 1 1 1 0 0 0 1 0 0 1 1 0 1 1 0 1 1 1 0 1 0
0 1 1 0 1 1 1 1 1 1 1 1 0 1 1 1 1 0 0 0 1 0 0 0 0 0 1 1 1
0 1 0 1 0 0 1 1 0 0 1 1 1 1 1 0 0 0 1 1 0 0 1 1 1 0 0 0 0
1 1 1 1 1 1 0 0 1 0 0 1 1 1 0 1 1 0 0 1 0 0 0 1 1 1 0 1 1
1 1 0 0 0 0 1 0 0 1 0 1 0 1 1 1 1 1 1 0 0 0 1 1 0 1 0 0 0
0 1 1 0 0 0 1 0 0 1 1 0 0 0 1 0 0 1 1 0 1 0 0 1 1 1 0 1 1
1 1 1 1 1 1 0 0 1 0 1 1 1 0 1 0 0 1 0 0 0 0 0 1 1 0 0 0 0
# 0-12
1 1 0 1 1 1 0 1 0 1 0 1 1 1 1 0 1 1 0 0 1 1 0 0 0 0 1 1 0
1 0 0 0 1 0 1 1 0 0 0 0 0 0 0 1 0 1 1 1 1 0 0 0 1 1 1 0 0
0 1 0 0 0 0 0 1 1 0 0 0 0 0 0 1 1 1 0 1 1 0 0 0 1 1 1 0 0
0 1 0 1 0 0 0 0 1 1 1 0 1 1 1 1 0 1 0 0 1 0 1 0 0 1 1 0 0
0 1 1 1 1 0 1 1 1 0 1 1 0 0 0 1 0 0 0 0 0 1 1 1 1 0 0 1 1
0 1 1 1 1 0 0 1 1 1 1 0 1 1 1 1 0 0 0 0 0 0 1 0 0 1 1 1 1
1 1 0 1 1 0 0 1 0 1 0 0 0 1 1 0 1 1 0 0 0 1 0 0 1 0 1 1 1
1 0 1 0 1 1 0 0 1 1 1 1 1 0 0 0 1 1 0 0 0 1 1 0 0 0 1 1 0
1 1 1 0 0 0 1 1 1 0 0 1 1 1 1 0 0 0 0 0 1 0 0 1 0 1 1 0 0
0 1 0 1 1 0 1 0 0 0 0 1 0 0 1 1 0 1 1 1 0 1 1 1 1 1 0 1 1
# 0-13
0 0 0 1 1 1 0 1 1 0 0 1 1 1 0 1 0 0 1 1 0 0 1 0 0 1 0 1 0
1 0 1 0 0 1 1 1 1 1 1 1 1 0 1 0 1 1 1 1 0 1 0 0 1 1 0 0 0
1 0 1 0 0 1 1 0 1 0 0 1 1 0 0 0 0 1 1 0 1 1 0 0 0 1 1 1 1
0 1 1 0 0 1 1 0 1 0 0 1 0 1 0 0 1 0 1 0 0 1 0 1 0 1 0 0 1
1 1 0 0 0 0 1 1 0 1 0 1 1 0 1 0 1 1 0 1 1 0 1 1 0 1 0 1 1
1 0 1 1 0 1 1 0 1 0 0 1 0 1 1 0 1 1 0 1 1 0 1 0 1 0 0 0 0
0 0 1 1 1 1 0 1 0 0 1 1 0 1 0 0 1 1 1 0 0 0 0 1 1 1 0 0 1
1 0 0 1 1 0 0 0 1 0 1 0 0 1 0 1 1 1 1 0 0 1 0 1 0 0 1 0 0
1 1 1 1 1 0 0 0 0 0 0 0 0 1 0 1 1 0 0 1 1 1 0 1 1 0 1 0 0
0 0 0 1 1 0 1 0 0 1 1 0 0 1 0 1 1 1 0 1 1 1 0 0 0 1 0 0 0
# 0-14
1 0 0 0 0 1 0 0 1 0 1 0 0 1 1 0 1 0 0 1 1 1 0 0 0 0 1 1 0
0 0 1 1 1 1 1 1 1 1 0 1 1 0 0 1 1 0 0 0 1 1 0 0 1 1 1 0 0
1 1 0 0 0 1 1 1 1 1 1 0 1 0 1 1 1 0 0 1 1 0 0 0 0 1 0 0 1
0 0 1 1 0 1 0 0 0 1 0 0 0 0 1 0 0 1 0 1 1 1 0 1 0 0 1 0 1
0 0 1 0 0 1 0 0 1 1 0 1 1 0 0 1 1 1 1 0 1 0 0 0 1 0 1 0 0
0 1 1 1 1 1 0 0 1 1 0 1 1 1 0 1 1 0 1 1 1 0 1 0 1 1 1 0 0
1 0 0 0 0 0 0 1 1 1 0 1 1 1 0 0 1 1 1 1 1 0 0 1 1 0 0 0 0
1 0 0 1 1 0 0 0 0 0 1 1 0 1 0 1 0 1 0 1 0 0 0 1 0 1 1 0 0
1 1 1 0 0 0 1 1 0 0 1 0 0 0 1 0 1 1 0 1 0 1 0 1 1 0 1 1 0
0 1 1 1 1 1 1 0 0 1 0 0 1 1 1 1 0 1 0 1 1 1 1 0 1 1 1 1 0
# 0-15
0 0 0 0 1 0 0 1 1 0 1 0 1 1 1 1 1 0 0 0 1 1 0 0 0 0 0 0 1
0 1 1 0 0 0 1 1 0 1 1 0 1 1 0 0 0 1 0 1 0 1 0 1 0 1 0 0 1
0 0 0 1 0 0 1 1 0 0 0 1 1 1 0 0 0 0 1 1 1 0 1 0 0 1 0 0 0
0 0 0 1 0 0 0 0 1 0 1 0 0 1 0 0 0 0 1 0 0 0 1 1 1 0 1 1 1
0 0 1 1 0 1 0 0 1 0 1 0 1 1 1 0 0 1 1 1 1 0 1 1 0 0 0 1 1
1 1 0 1 1 0 1 1 1 0 0 1 1 0 0 0 1 1 0 0 0 1 0 1 1 0 0 1 0
1 1 0 1 1 0 0 1 0 1 1 1 1 0 0 1 1 1 1 1 0 1 1 0 0 1 1 0 1
0 1 0 1 0 1 0 0 1 1 0 0 0 1 0 0 0 1 1 1 1 0 0 1 0 0 0 1 0
1 0 0 0 1 0 1 1 1 1 1 1 1 1 1 0 0 1 0 1 0 0 0 0 1 0 0 1 0
0 1 0 1 0 0 0 0 0 1 0 1 1 0 1 1 0 0 0 0 1 0 1 1 1 0 0 1 1
# 0-16
0 1 0 1 0 0 1 1 0 0 1 1 1 1 1 1 1 1 1 0 1 0 1 0 1 0 1 0 0
1 0 1 0 0 0 0 0 1 0 1 0 1 0 0 1 1 1 1 0 1 0 0 0 1 0 0 0 0
0 1 1 0 0 0 0 0 0 0 0 0 0 0 1 0 1 1 0 0 0 1 0 1 0 0 0 1 0
0 0 1 1 1 0 1 0 0 0 0 0 1 0 0 1 1 0 1 0 1 1 0 1 0 0 0 1 1
0 0 0 0 1 1 0 0 1 1 0 1 0 1 0 1 0 0 0 1 1 1 0 1 0 1 0 0 0
0 1 1 1 0 1 1 1 0 1 0 1 1 0 1 1 1 0 1 1 1 1 0 0 1 1 0 1 0
1 1 0 0 1 1 1 1 1 0 0 0 1 0 1 1 0 1 1 0 0 0 0 0 1 1 1 1 0
1 0 0 0 1 0 1 0 1 0 0 0 1 1 1 1 0 0 0 1 0 1 0 1 0 1 0 0 1
0 1 0 0 0 1 1 0 1 0 1 1 1 1 0 0 1 0 0 0 0 1 0 1 1 0 1 1 1
1 1 0 0 0 1 0 0 0 1 0 1 0 0 1 0 0 0 1 1 0 1 1 1 0 0 0 0 0
# 0-17
1 0 1 1 1 1 1 1 0 1 0 0 0 0 1 0 0 0 0 1 0 1 1 0 1 0 0 0 0
0 0 1 0 1 1 0 0 1 1 1 1 0 1 0 0 0 0 0 0 0 1 1 0 0 0 1 0 0
0 1 1 1 1 0 1 0 0 1 0 0 1 1 0 1 0 1 1 1 0 1 1 1 1 0 1 1 0
1 0 0 1 1 0 0 1 0 0 1 0 1 1 1 0 0 1 0 0 0 1 1 1 0 0 0 1 0
1 0 1 0 1 1 1 0 1 1 0 0 1 1 0 1 1 0 1 0 0 1 0 1 0 1 0 1 1
1 1 1 1 1 1 1 1 1 1 1 1 0 1 1 1 0 1 0 0 0 1 1 0 1 1 0 0 1
1 0 1 0 1 1 0 0 1 0 0 1 1 1 0 1 0 0 0 0 0 0 1 1 0 0 0 0 0
1 0 1 0 1 0 0 0 1 1 0 0 0 0 0 1 1 1 0 0 1 0 1 0 1 1 0 1 1
0 1 1 1 0 0 1 1 0 1 0 0 0 0 1 0 1 1 0 0 1 0 1 1 1 0 0 0 0
0 1 1 0 0 0 0 1 1 1 0 1 0 0 1 0 1 0 0 1 1 1 0 0 1 1 0 1 0
# 0-18
1 0 0 1 1 0 1 1 1 0 1 1 1 1 1 1 1 1 0 1 1 0 0 0 1 0 1 0 1
0 0 1 1 1 1 0 0 0 1 0 0 1 0 1 0 0 0 1 1 0 1 1 1 1 1 0 0 1
1 0 1 0 0 0 1 0 0 0 1 1 0 0 0 0 1 0 1 0 1 0 0 1 1 1 1 1 1
1 1 0 0 0 0 0 0 0 1 0 0 0 0 0 1 1 0 1 1 0 0 1 0 0 1 1 0 1
1 1 1 1 0 0 0 1 0 1 0 0 0 1 1 1 1 0 0 0 1 1 1 1 0 1 0 1 1
1 0 0 0 1 0 1 1 1 0 1 0 0 0 1 0 1 1 0 0 0 1 0 1 0 1 0 1 0
0 0 0 0 0 0 0 1 0 1 1 1 1 0 1 0 1 0 0 0 0 1 0 0 0 0 1 1 1
1 1 0 0 1 0 0 1 1 0 1 0 0 0 1 0 0 0 1 0 1 1 0 1 0 0 1 1 0
1 1 1 0 0 1 0 1 0 0 0 1 1 1 1 1 0 1 0 0 1 1 0 0 1 1 1 0 1
1 1 0 0 1 0 1 0 1 0 0 0 0 0 0 0 0 1 0 1 0 1 0 0 1 0 1 1 0
# 0-19
0 0 1 1 0 1 1 1 0 0 0 1 1 1 0 0 1 0 1 0 1 1 0 1 0 0 1 0 1
1 0 0 0 1 0 0 0 1 1 0 0 1 1 0 1 0 1 0 1 0 0 1 1 1 1 0 0 0
1 0 1 1 0 1 1 1 0 1 1 1 0 0 1 0 1 0 1 0 1 1 1 0 0 0 1 0 1
1 1 1 0 1 1 0 0 1 1 0 0 1 0 0 0 1 1 1 0 1 1 1 1 0 0 1 0 0
0 0 1 1 0 0 1 0 1 0 0 0 1 1 1 0 0 0 0 0 1 0 1 0 0 1 1 1 1
1 0 1 1 0 1 1 0 1 0 0 0 0 1 1 1 1 1 1 0 0 1 1 0 0 1 0 0 1
1 1 1 1 0 1 0 1 0 1 0 0 1 0 0 1 0 1 0 1 0 1 1 0 1 1 0 1 1
1 0 1 1 1 0 1 1 0 1 0 0 1 1 1 0 1 1 0 0 0 0 1 0 1 0 0 1 1
1 1 1 1 1 1 0 1 1 1 1 1 0 1 1 1 0 0 0 0 1 0 0 0 1 1 1 1 1
1 0 0 1 1 1 0 1 1 0 1 0 1 1 1 0 1 0 1 0 1 1 0 1 0 0 1 0 0
# 0-20
0 1 1 1 0 0 1 0 1 1 0 0 1 1 1 0 0 1 1 1 1 1 0 1 1 0 1 0 1
1 1 0 1 0 0 1 1 1 1 1 0 1 0 1 0 1 1 0 0 0 1 1 0 0 1 0 1 0
0 0 0 1 0 1 0 0 0 1 1 0 0 1 0 1 1 0 0 0 0 0 1 1 1 0 0 0 1
1 1 0 0 1 0 0 1 0 0 1 1 1 0 1 0 0 0 1 1 0 1 0 1 1 0 1 1 1
1 1 0 1 0 1 0 0 1 1 1 0 0 0 0 1 1 1 0 0 0 0 0 1 0 1 1 0 0
0 1 1 0 1 0 1 1 1 0 0 0 0 1 0 1 1 0 0 1 0 0 0 1 0 0 1 1 1
0 1 0 0 1 0 1 0 0 0 1 1 1 0 0 1 0 1 0 0 1 0 0 1 0 1 0 0 1
1 1 1 1 0 0 1 0 0 0 1 1 1 1 0 1 1 0 0 0 1 1 1 1 1 1 0 1 1
1 0 0 0 1 0 0 0 1 1 0 0 1 0 0 1 1 1 0 0 1 0 1 1 0 1 0 0 0
1 0 0 1 0 0 0 1 1 0 1 1 1 1 0 1 1 1 1 1 0 1 1 0 1 1 1 0 0
# 0-21
0 1 1 0 0 1 1 0 0 1 1 0 1 1 0 1 1 0 1 1 1 0 0 0 0 0 1 1 0
0 0 1 0 1 0 1 0 1 0 1 0 1 0 1 1 1 1 0 1 1 1 1 1 0 0 0 1 1
0 0 1 1 1 1 1 1 0 1 0 1 1 0 1 1 1 0 0 1 0 0 1 1 0 0 0 0 1
1 1 0 1 0 1 1 0 1 1 1 0 1 0 0 0 0 0 0 0 1 0 0 1 1 0 1 0 0
1 0 0 1 0 0 0 1 1 1 0 1 0 0 1 0 1 1 1 0 0 1 0 1 1 0 1 1 1
1 1 1 0 0 1 1 1 1 0 0 0 0 1 1 0 0 0 0 0 0 1 1 0 1 0 1 1 0
0 0 0 1 0 0 1 1 1 0 0 0 1 0 1 0 0 1 0 0 0 1 1 0 1 1 0 1 1
1 1 1 0 1 1 0 1 0 0 0 1 0 0 1 1 0 0 1 0 0 0 1 1 0 1 0 1 0
0 0 1 1 1 1 1 0 1 1 1 0 0 1 0 1 0 0 1 1 0 0 1 1 0 0 1 0 1
1 0 1 1 0 1 1 0 0 0 0 1 0 1 1 1 1 1 0 0 0 1 0 0 1 0 0 1 0
# 0-22
1 1 1 1 1 0 0 0 0 0 1 0 0 1 1 1 0 0 1 0 0 1 1 1 1 0 1 1 0
1 0 1 0 0 0 1 0 0 1 0 1 0 0 1 0 1 1 0 0 0 1 1 1 1 0 1 0 1
1 0 1 1 0 0 1 0 1 0 1 1 1 0 1 0 1 1 1 0 1 1 1 1 0 1 0 1 1
1 1 1 1 0 0 1 1 1 1 0 1 1 1 0 0 0 1 1 0 0 0 0 0 1 1 0 1 1
1 1 0 1 0 0 0 1 1 1 0 0 0 1 1 1 0 1 1 1 0 0 0 1 0 0 0 0 1
0 0 0 0 1 1 0 0 0 0 1 0 0 1 1 0 1 0 0 1 0 1 1 0 0 0 0 0 0
1 0 1 1 1 1 1 1 1 1 1 0 1 1 1 0 0 0 1 0 0 0 1 1 0 0 1 0 1
0 0 1 1 1 1 1 1 0 0 1 0 1 1 1 0 1 0 0 0 0 0 1 0 0 0 0 1 0
0 1 1 0 0 0 0 0 0 1 1 0 1 0 1 0 0 0 1 0 0 1 1 0 1 0 0 1 0
1 0 0 1 1 1 0 1 0 0 1 1 0 1 0 1 0 0 0 1 0 0 0 0 1 0 0 1 1
# 0-23
0 0 0 0 0 0 1 0 1 1 0 1 1 0 1 1 1 1 0 0 1 0 1 1 0 0 0 1 0
0 1 0 1 0 0 0 0 0 0 1 0 0 0 0 1 0 1 0 1 0 1 0 1 0 1 1 0 1
1 1 1 0 1 0 1 1 1 0 0 0 0 1 0 1 0 1 0 1 1 1 0 1 1 1 0 1 1
1 0 1 1 0 1 0 1 0 0 1 0 1 0 1 0 0 0 1 1 0 1 0 0 0 1 1 1 0
0 0 0 0 1 1 1 0 0 1 0 0 1 1 1 1 0 0 0 0 1 0 0 0 0 1 1 1 0
0 1 1 1 1 1 1 1 0 1 0 0 1 0 0 0 0 0 0 1 0 0 1 1 1 0 1 0 0
0 0 0 0 0 1 1 0 1 1 0 1 0 1 1 0 1 1 0 0 0 0 1 0 1 0 0 1 1
0 0 0 1 0 0 1 1 0 0 1 0 1 0 0 0 0 1 1 1 0 0 1 1 0 1 1 1 1
0 1 1 1 1 1 0 1 1 1 0 1 1 1 1 1 0 0 0 0 1 0 0 0 1 1 0 0 1
1 1 1 0 1 1 1 0 1 0 1 0 1 0 0 0 0 1 1 0 0 1 0 1 0 1 1 0 0
# 0-24
0 1 0 1 1 0 1 1 0 0 0 1 0 0 0 0 0 0 0 0 1 0 0 0 1 0 1 0 1
0 0 1 0 1 0 0 0 0 0 1 1 0 0 1 0 1 0 1 0 1 0 1 1 0 0 1 1 0
1 0 0 0 0 0 0 0 0 0 0 1 0 0 0 1 0 1 1 0 1 0 1 0 1 1 1 1 1
0 1 0 0 1 1 0 1 1 0 1 0 1 0 0 0 0 1 0 1 0 0 0 0 1 1 1 0 1
1 0 1 0 1 1 0 1 0 1 1 0 0 0 0 1 1 1 0 1 1 1 0 1 1 0 0 1 1
0 0 0 1 0 0 1 1 1 1 0 1 1 1 1 0 0 1 1 1 1 0 1 1 1 1 1 0 0
1 1 1 0 1 1 1 1 0 1 1 0 0 0 1 1 0 0 1 0 1 1 1 1 0 1 0 1 0
0 1 1 1 0 1 0 0 0 1 1 0 1 0 1 0 1 0 1 0 0 1 1 1 1 0 0 0 1
1 1 1 1 0 0 0 1 1 1 0 0 1 1 0 1 0 1 1 0 0 1 1 0 0 0 0 1 1
1 1 0 0 0 0 1 1 0 1 0 0 0 0 0 0 1 0 0 1 1 1 1 0 0 0 0 0 0
# 0-25
1 0 0 0 1 1 1 0 0 1 0 1 0 0 1 0 0 1 1 0 1 1 1 1 0 1 0 0 0
0 0 0 1 1 0 1 1 0 1 0 0 0 0 1 1 0 1 0 0 1 1 1 1 0 1 0 1 0
1 1 1 0 1 1 0 1 0 0 0 0 0 1 0 1 1 0 0 0 1 0 1 0 1 1 0 1 0
0 0 1 0 1 0 0 1 1 0 1 1 0 1 1 0 0 0 0 1 1 0 1 0 1 1 1 1 0
1 0 0 1 0 0 0 0 1 0 1 1 1 1 1 1 0 1 1 1 0 0 0 0 0 1 1 1 0
1 0 0 1 1 0 0 0 1 1 0 1 0 0 1 1 1 1 0 1 1 1 0 1 1 1 1 0 0
0 0 0 0 1 0 0 1 1 1 1 1 1 1 1 0 0 0 1 1 1 1 0 1 0 0 0 0 1
0 1 0 0 1 0 1 1 1 0 1 0 0 1 0 0 1 0 0 0 0 0 1 0 1 0 0 0 1
1 1 1 1 0 1 1 0 0 1 0 0 0 0 1 0 0 1 0 0 0 0 0 0 1 0 1 1 1
1 1 1 0 1 0 0 1 1 0 0 0 0 0 1 0 0 1 1 0 0 0 1 0 1 1 0 1 1
# 0-26
1 1 0 0 0 1 1 1 0 0 1 1 0 0 0 1 1 1 0 1 1 0 0 0 0 1 0 0 0
1 1 0 0 0 1 1 0 1 1 1 0 1 0 1 1 0 1 0 1 1 0 0 1 0 1 1 0 0
0 0 1 1 1 0 1 1 0 0 0 0 1 0 1 0 1 1 1 1 1 1 0 0 1 1 1 1 1
0 0 1 0 1 0 0 0 0 1 0 0 0 1 1 1 0 0 1 1 1 0 1 1 0 1 0 1 0
1 1 0 0 1 0 0 0 0 0 0 1 0 0 1 0 0 0 0 1 0 0 0 0 0 1 1 0 1
1 0 0 0 0 1 1 1 0 1 0 0 0 1 1 1 1 0 1 0 0 0 0 0 0 1 1 0 1
1 1 1 0 0 1 0 1 1 0 1 1 0 1 0 0 1 1 0 1 0 0 1 1 0 1 0 0 0
0 1 0 1 1 1 1 0 0 1 1 0 1 1 1 1 1 0 1 0 0 0 0 0 1 1 1 1 0
0 1 0 1 1 0 1 1 0 1 0 1 1 1 0 0 0 1 1 0 1 0 0 1 0 1 0 1 1
1 0 1 1 0 0 0 0 1 1 1 1 1 1 1 1 1 0 0 1 1 0 0 1 1 1 1 0 1
# 0-27
1 1 1 1 0 0 0 0 1 0 0 1 0 0 1 0 0 1 1 1 1 1 1 1 0 0 1 1 1
1 0 1 1 0 1 1 1 0 0 1 0 1 1 0 0 1 1 1 0 1 0 1 0 0 1 0 0 1
0 1 0 0 0 0 0 1 1 0 0 0 1 1 1 1 1 1 0 0 0 0 1 1 0 1 1 0 0
1 1 0 1 1 1 1 0 1 1 1 1 1 0 0 1 1 0 0 0 0 1 0 0 0 0 0 1 1
1 0 1 0 1 0 1 1 0 1 0 0 0 0 1 1 1 0 1 0 0 1 0 1 0 1 0 1 0
0 1 1 0 1 0 1 1 0 1 0 0 0 1 1 0 0 0 0 0 0 1 0 1 0 1 1 0 0
0 1 0 1 0 1 0 1 1 0 1 1 1 1 1 0 0 1 1 0 1 1 0 1 1 0 1 1 0
1 1 1 0 0 1 1 1 1 0 0 0 0 1 1 1 1 1 0 0 1 1 1 0 0 1 1 0 0
1 1 0 1 0 0 1 1 0 0 1 0 1 0 0 1 0 0 0 1 1 1 1 0 1 0 1 0 0
0 1 1 0 0 0 1 0 1 1 0 1 0 0 1 1 1 0 1 1 1 0 1 0 0 0 1 1 0
# 0-28
0 0 1 1 1 1 1 1 0 1 0 0 0 1 0 1 1 0 0 0 1 0 0 0 0 0 1 1 1
0 0 1 0 0 1 0 1 0 0 0 0 1 1 1 1 0 0 0 0 0 0 0 1 0 0 0 0 0
1 0 1 1 0 0 1 1 0 0 1 0 0 1 0 0 0 0 0 0 1 0 0 1 1 0 0 0 0
1 1 1 1 0 1 0 1 1 0 1 1 0 0 0 1 1 1 0 0 1 0 1 1 1 1 1 0 1
1 0 0 0 0 0 1 1 1 1 1 0 1 1 1 0 1 0 1 0 0 1 0 0 0 1 1 0 0
0 1 1 1 1 0 1 1 1 1 0 1 0 1 1 0 0 0 0 0 1 0 1 0 0 1 0 0 0
0 0 0 1 0 1 1 0 1 1 0 0 0 1 1 0 1 1 1 1 0 1 1 1 0 1 0 1 1
1 0 1 1 0 0 1 0 0 0 0 0 1 0 1 0 0 1 1 1 1 0 0 0 1 0 1 1 1
0 1 0 1 0 0 0 1 1 0 1 0 0 1 0 1 0 0 1 1 1 0 1 0 0 0 1 1 0
1 1 0 1 0 1 0 1 0 0 0 0 0 1 1 1 1 0 1 1 0 0 1 1 0 1 1 0 1
# 0-29
1 0 0 0 1 0 1 1 1 0 1 1 1 1 0 0 0 0 1 0 0 0 0 0 0 1 0 0 1
0 1 0 0 0 1 0 1 0 0 1 0 1 0 0 0 0 1 1 0 1 0 1 1 0 0 1 0 0
0 1 1 0 1 0 0 0 1 1 0 1 0 1 0 1 0 1 1 1 0 1 1 0 1 0 0 0 0
0 0 1 1 0 0 1 1 0 1 0 0 1 0 0 0 0 0 0 0 0 0 1 0 1 0 0 1 1
1 1 0 1 1 0 0 0 1 1 0 1 1 0 0 1 0 0 1 1 1 0 0 1 1 0 0 0 1
0 1 1 0 0 0 1 1 0 1 0 0 0 0 1 1 0 1 1 1 1 1 1 0 1 0 1 1 1
0 1 0 1 1 0 0 0 1 0 0 0 0 0 0 0 0 1 1 0 0 1 1 0 0 1 1 1 1
0 1 0 0 1 1 0 1 1 0 1 0 0 0 1 1 0 1 1 0 1 1 1 0 0 0 0 0 1
1 1 0 0 0 1 0 0 1 1 0 0 0 1 1 0 1 0 1 1 0 1 0 1 0 1 0 1 1
1 1 0 1 1 0 0 0 1 1 0 1 1 0 1 0 1 1 0 1 0 0 1 0 0 0 1 1 1
# 0-30
1 0 0 1 1 0 1 0 1 1 1 0 0 1 0 1 1 1 0 1 0 0 1 1 1 1 0 0 1
0 1 1 0 1 1 0 0 1 1 1 0 1 1 1 0 1 0 0 0 1 0 1 0 1 1 0 1 1
1 1 0 1 0 1 0 1 0 1 0 1 1 0 1 1 0 0 1 1 1 1 1 1 1 1 1 1 1
0 0 1 1 1 0 0 1 0 0 0 0 0 1 0 1 0 1 1 0 0 0 0 0 1 1 1 1 0
0 1 0 1 1 0 1 0 1 1 0 1 0 1 1 0 0 0 0 1 0 1 0 1 1 0 1 1 1
1 0 0 1 1 1 0 1 1 0 1 0 1 1 1 1 1 1 0 1 0 1 0 1 1 0 0 1 0
0 0 0 1 1 0 1 0 1 0 1 0 0 0 0 1 1 0 1 0 0 0 0 0 0 0 0 1 1
0 0 0 1 1 1 0 1 1 0 1 0 1 1 0 1 0 1 0 0 1 0 1 0 1 1 1 1 0
0 1 1 0 0 1 0 0 0 0 0 0 0 1 0 0 0 0 1 0 0 0 0 0 0 1 0 1 0
1 0 1 1 1 0 1 1 0 1 0 0 1 0 0 0 0 1 0 0 1 0 1 0 1 1 1 1 1
# 0-31
0 0 0 1 1 0 1 1 1 0 0 0 0 0 1 1 0 0 0 0 0 1 1 1 0 1 1 1 1
0 0 1 0 0 1 0 1 1 1 0 0 1 0 0 1 0 0 0 0 0 1 0 0 1 0 0 0 1
1 1 0 0 0 0 0 1 1 1 1 0 0 1 1 1 0 0 0 0 1 0 0 1 1 0 1 0 0
0 0 1 1 1 1 1 1 1 1 0 1 1 0 0 1 1 1 0 0 1 1 0 1 1 1 1 0 0
1 0 1 0 0 1 1 0 0 1 0 0 0 0 1 1 1 0 0 1 0 0 1 1 1 1 0 1 0
1 1 1 1 0 1 0 1 1 0 0 0 0 1 0 1 1 0 1 1 0 0 1 0 0 0 1 1 0
0 0 0 0 0 1 1 1 0 0 1 1 1 1 0 1 0 1 0 1 0 1 0 0 1 0 0 0 1
0 1 1 1 0 1 1 1 0 1 1 1 0 0 0 0 1 0 1 0 0 1 0 0 1 1 0 1 1
1 1 1 0 1 1 1 1 1 0 1 0 0 1 1 1 1 1 0 0 1 0 0 0 1 0 1 1 0
0 1 0 1 0 0 1 1 0 0 0 0 1 0 0 1 1 0 0 1 0 1 1 0 1 0 1 1 1
# 0-32
0 0 1 0 1 1 1 0 0 1 0 1 1 0 0 0 1 1 0 0 0 0 1 0 0 0 0 1 1
0 1 0 1 1 0 1 0 1 0 0 0 1 0 0 1 1 1 0 0 1 0 1 0 0 0 1 1 0
0 0 1 0 1 0 1 1 0 1 1 1 1 0 0 1 1 0 1 1 1 1 1 0 1 0 1 0 1
1 0 1 0 0 0 0 0 0 0 1 0 1 0 0 0 1 0 0 1 0 1 0 0 0 0 0 0 1
0 1 1 1 1 1 0 0 0 1 1 0 0 1 0 0 0 1 1 1 1 1 0 0 0 0 0 0 1
1 0 0 0 0 0 1 1 1 0 0 1 0 0 1 1 1 0 0 1 0 1 0 1 0 1 0 1 1
1 1 0 0 0 1 0 1 0 1 1 0 1 0 1 1 0 0 1 0 1 1 1 1 0 0 1 0 0
0 0 0 0 1 1 1 1 1 1 1 1 0 0 0 1 1 1 1 0 0 1 1 0 1 1 1 0 0
1 1 1 0 0 1 0 0 0 0 1 1 0 0 0 1 1 1 0 1 1 1 1 1 0 0 0 1 0
1 1 1 0 1 0 0 1 0 0 1 0 1 1 1 0 1 0 0 0 1 0 1 0 1 1 0 0 0
# 0-33
0 0 0 0 0 1 0 1 1 1 0 1 1 0 0 0 1 1 0 0 0 1 0 0 1 1 1 1 1
0 0 0 0 1 1 0 0 0 1 0 0 0 0 0 0 0 0 1 0 0 0 0 0 1 1 0 0 0
0 0 0 0 1 0 0 0 1 0 0 0 1 1 1 0 0 1 1 0 1 0 1 1 1 1 0 0 1
0 0 0 1 1 1 1 0 0 0 1 1 0 0 1 1 0 0 1 0 0 1 1 1 1 0 1 0 0
1 1 1 0 1 0 0 1 1 0 0 0 0 0 1 1 1 0 0 0 0 0 1 0 0 1 0 1 0
1 0 1 1 0 0 0 0 1 1 1 0 1 1 1 0 0 1 0 0 1 1 0 0 0 0 1 1 1
0 0 0 1 0 1 1 1 0 0 1 0 0 1 0 0 1 0 0 1 1 1 1 0 0 1 0 0 0
0 0 0 1 0 0 0 1 0 1 0 1 1 0 0 1 1 0 1 0 0 0 0 1 0 1 1 1 1
1 0 1 1 0 0 0 0 1 0 1 0 0 1 1 0 0 0 0 1 1 0 0 1 0 0 1 0 0
1 0 0 0 0 0 1 1 1 1 0 0 1 1 1 1 0 1 0 1 0 1 1 1 1 0 0 1 1
# 0-34
1 1 1 0 1 1 1 1 1 0 0 1 0 0 1 0 0 1 1 1 1 1 0 1 1 1 1 0 1
1 0 0 1 1 1 0 0 1 1 1 0 0 0 1 1 0 0 1 1 0 1 0 0 1 0 0 0 0
0 0 0 1 1 0 0 1 0 1 1 1 0 0 0 1 0 1 0 0 1 1 1 1 1 0 0 0 0
0 0 0 1 1 1 1 1 0 0 0 0 0 1 0 0 1 0 0 0 1 0 1 1 0 1 1 1 0
1 0 1 1 1 1 0 0 0 1 1 0 1 1 0 0 1 1 0 1 1 1 1 0 0 0 0 0 1
1 1 0 1 1 1 0 0 1 1 1 1 1 1 1 0 0 1 1 0 0 1 1 0 1 0 1 1 1
1 1 0 0 0 1 0 1 0 1 0 1 1 1 0 0 1 1 1 0 1 0 1 1 1 0 0 0 1
1 1 0 0 0 0 1 1 1 0 1 0 0 1 0 0 1 1 1 1 0 0 1 0 0 1 1 0 1
1 1 1 1 1 0 0 1 0 1 1 1 0 0 1 1 0 0 1 0 1 0 0 0 1 1 0 0 0
0 1 0 1 0 1 1 0 0 1 0 0 0 0 1 1 1 0 0 0 1 0 1 1 1 0 1 0 0
# 0-35
1 0 0 0 0 0 1 0 0 1 0 0 1 1 1 0 0 1 0 0 0 0 1 0 0 0 1 0 0
0 1 1 0 1 1 1 0 1 1 0 0 1 1 0 0 0 0 1 0 1 1 0 1 1 1 0 0 0
0 1 1 0 1 1 0 0 1 1 0 0 1 1 1 0 1 0 1 0 0 0 1 0 1 1 1 0 1
1 1 1 0 0 0 0 0 1 0 0 0 0 1 0 0 1 0 0 0 1 0 1 0 0 0 1 0 1
0 1 0 1 1 1 1 0 0 1 1 1 1 1 0 0 1 0 0 0 0 1 0 1 1 1 0 1 1
1 0 1 0 1 1 1 0 0 1 0 1 1 1 1 0 0 1 0 0 0 1 0 1 0 0 1 1 0
0 0 0 1 0 0 0 0 0 0 1 0 0 1 1 1 1 1 1 1 1 1 0 0 0 1 0 0 1
0 0 0 1 1 1 0 1 0 0 1 0 1 1 0 0 0 0 1 0 0 0 0 1 1 0 1 0 0
0 1 0 0 0 1 0 0 0 1 0 1 0 0 0 0 0 0 1 1 0 0 0 1 0 0 0 1 1
0 1 0 1 1 1 1 0 1 1 0 0 1 1 0 1 0 1 0 0 0 1 0 1 1 0 1 0 1
# 0-36
1 1 1 1 0 0 0 0 0 1 1 0 1 0 0 1 0 1 1 0 1 1 0 0 0 1 0 0 0
0 0 1 0 1 0 1 0 0 1 0 0 0 1 1 1 0 1 1 1 0 1 0 0 0 0 0 0 1
0 1 0 1 0 1 0 1 0 1 0 1 1 1 0 1 0 1 0 0 1 1 1 0 0 0 0 0 0
1 0 0 1 1 0 1 0 1 0 1 1 0 1 0 1 0 0 1 0 1 0 1 1 0 0 1 0 0
0 0 1 0 0 1 0 1 1 1 1 0 1 0 1 0 0 1 0 0 0 0 0 0 1 0 0 1 0
0 0 1 1 1 0 0 0 0 0 0 1 0 0 1 1 0 0 1 0 1 0 1 0 0 1 0 0 0
1 0 0 1 0 0 1 1 1 0 1 0 1 1 0 0 0 0 0 0 0 1 0 1 0 1 1 1 1
1 0 0 1 0 0 1 0 0 1 1 1 0 1 0 0 1 0 0 0 0 1 0 0 1 1 0 1 1
1 0 1 1 0 0 1 0 0 1 1 1 0 0 1 0 0 1 0 0 1 0 0 0 0 1 1 0 1
1 0 1 0 0 1 1 1 1 0 0 0 0 1 0 1 0 0 1 1 1 1 1 0 1 1 1 0 1
# 0-37
0 1 1 0 0 1 1 0 0 0 0 0 1 0 1 0 0 1 1 1 0 0 0 1 0 1 1 0 1
1 1 0 0 0 0 1 1 0 0 1 0 1 0 1 0 1 0 1 1 0 0 1 1 0 0 0 0 1
1 1 0 1 1 1 1 1 0 1 1 0 1 0 1 1 1 1 1 0 0 1 1 1 1 0 1 0 1
1 1 0 1 1 1 1 0 0 0 1 1 0 1 0 1 0 1 0 1 0 1 1 1 0 1 1 0 0
1 0 0 1 0 0 0 0 1 1 0 0 0 1 1 0 1 1 0 1 0 0 0 1 1 1 1 1 1
0 1 0 1 1 1 0 1 0 0 1 1 1 1 1 0 1 0 1 0 1 0 0 1 0 0 0 0 0
1 0 1 0 0 0 1 1 1 1 0 1 0 1 0 1 1 1 0 1 1 0 1 0 1 1 0 1 0
1 0 0 0 1 0 0 1 1 0 1 0 0 1 0 0 1 1 0 0 1 0 0 1 0 1 0 1 0
0 1 1 0 1 1 0 1 1 1 0 1 1 0 1 1 0 0 1 1 0 1 0 0 0 1 1 1 0
0 1 0 1 1 1 1 0 1 1 0 1 0 1 1 1 1 1 1 1 0 0 0 0 0 1 0 1 1
# 0-38
0 0 1 1 0 0 1 0 1 1 0 1 1 0 1 1 0 1 0 1 0 1 0 1 0 1 0 1 0
0 0 0 0 0 1 1 0 0 1 0 0 1 1 1 0 1 1 1 1 0 1 1 1 0 1 1 1 0
1 0 1 1 0 1 0 1 1 1 1 1 1 1 1 1 0 0 1 1 0 1 0 0 1 1 0 0 1
0 1 1 0 0 0 1 0 0 1 0 0 1 0 1 1 0 1 1 0 1 0 0 0 0 0 1 1 0
1 1 0 1 1 0 1 0 0 0 1 1 1 1 1 0 1 1 0 0 0 0 1 1 0 1 0 0 1
1 0 0 1 1 0 1 1 1 1 1 0 0 0 0 1 0 0 1 0 1 0 0 1 1 1 0 0 1
0 1 1 1 1 0 0 0 0 1 1 1 0 1 1 1 0 0 1 0 1 0 1 0 1 0 1 0 1
0 0 1 1 0 0 1 0 0 0 1 0 1 1 0 1 1 0 0 0 1 0 0 0 0 0 0 1 1
1 1 1 1 1 1 1 0 0 0 0 0 1 1 0 0 1 1 1 0 0 1 0 1 0 0 0 1 1
1 0 1 0 1 0 1 0 1 1 0 0 0 0 1 0 0 0 1 0 1 1 0 0 0 0 0 1 0
# 0-39
0 0 1 0 0 0 1 0 1 1 0 1 0 0 0 0 1 0 1 1 1 1 1 1 1 1 1 1 0
0 0 0 1 1 0 0 0 1 1 1 0 0 1 0 1 0 1 0 1 1 0 1 0 0 0 1 0 1
1 0 1 1 0 1 0 1 1 1 0 1 0 0 1 1 1 0 1 1 1 1 0 0 0 1 0 0 0
0 1 1 0 0 0 0 1 0 0 0 1 0 1 1 0 0 1 0 0 0 1 1 1 1 1 1 1 0
0 1 0 0 0 1 0 1 1 1 1 0 0 0 1 0 1 0 0 0 1 1 0 1 0 0 0 0 0
1 0 1 1 0 1 0 0 1 0 0 0 1 0 0 1 0 0 1 1 1 0 0 1 0 1 0 0 1
0 0 0 0 0 1 0 1 0 1 0 1 0 1 0 0 1 1 0 1 0 0 1 1 0 1 0 0 0
0 0 0 1 0 1 1 1 0 1 0 0 1 1 1 1 1 0 0 1 0 0 1 0 0 0 1 1 0
0 0 1 1 0 1 1 1 0 1 0 0 1 1 1 0 0 0 1 1 0 0 0 0 1 1 1 1 0
0 0 1 0 1 1 0 1 0 1 1 0 1 0 0 1 1 0 1 1 1 1 0 0 1 1 1 0 1
